-4.839915869072839882e+00 1.211572647132244021e-08
-4.791290091494218473e+00 4.533253422416317663e-08
-4.742664313915597063e+00 1.433902539864603475e-07
-4.694038536336975653e+00 3.878253297908165841e-07
-4.645412758758354244e+00 9.085965448558311116e-07
-4.596786981179731946e+00 1.867982026057552043e-06
-4.548161203601110536e+00 3.408859746239123725e-06
-4.499535426022489126e+00 5.571413351088131632e-06
-4.450909648443867717e+00 8.211900592631134966e-06
-4.402283870865246307e+00 1.098671252179174730e-05
-4.353658093286624897e+00 1.345294274092689123e-05
-4.305032315708003487e+00 1.526805398067900354e-05
-4.256406538129382078e+00 1.639971113345444707e-05
-4.207780760550760668e+00 1.725329369150508462e-05
-4.159154982972138370e+00 1.874669420388884149e-05
-4.110529205393516960e+00 2.276802032794635359e-05
-4.061903427814895551e+00 3.494709447205681454e-05
-4.013277650236274141e+00 7.733246585555462343e-05
-3.964651872657652731e+00 2.359584732163835655e-04
-3.916026095079031322e+00 8.071367849818741717e-04
-3.867400317500409912e+00 2.657960122260912775e-03
-3.818774539921788502e+00 7.904259744243267993e-03
-3.770148762343166648e+00 2.075845118885418297e-02
-3.721522984764545239e+00 4.779109191161957926e-02
-3.672897207185923829e+00 9.624956466982440006e-02
-3.624271429607301975e+00 1.695643982208583089e-01
-3.575645652028680566e+00 2.615780255295887535e-01
-3.527019874450059156e+00 3.539862911904885778e-01
-3.478394096871437746e+00 4.213311132825853234e-01
-3.429768319292816336e+00 4.426571134833583998e-01
-3.381142541714194927e+00 4.125161237555879934e-01
-3.332516764135573073e+00 3.432971985710486784e-01
-3.283890986556951663e+00 2.575367470998666808e-01
-3.235265208978330254e+00 1.764734352777090343e-01
-3.186639431399708400e+00 1.125018066264033278e-01
-3.138013653821086990e+00 6.839369975189857342e-02
-3.089387876242465580e+00 4.092504969604039006e-02
-3.040762098663844171e+00 2.505599392148536234e-02
-2.992136321085222761e+00 1.647247247901324416e-02
-2.943510543506601351e+00 1.237388781638617055e-02
-2.894884765927979497e+00 1.130901135694131060e-02
-2.846258988349358088e+00 1.275932146212547386e-02
-2.797633210770736678e+00 1.676088742082213617e-02
-2.749007433192115268e+00 2.358226405506849005e-02
-2.700381655613493415e+00 3.341276997552501682e-02
-2.651755878034872005e+00 4.608091287662890306e-02
-2.603130100456250595e+00 6.089949559690875647e-02
-2.554504322877629185e+00 7.671550054497980331e-02
-2.505878545299007776e+00 9.211670472941149712e-02
-2.457252767720385922e+00 1.056511600789912242e-01
-2.408626990141764512e+00 1.159970855420823926e-01
-2.360001212563143103e+00 1.221891949485000572e-01
-2.311375434984521693e+00 1.239808502387290817e-01
-2.262749657405899839e+00 1.221428934785348530e-01
-2.214123879827278429e+00 1.183294341862453219e-01
-2.165498102248657020e+00 1.143987434546417103e-01
-2.116872324670035610e+00 1.115630962318615582e-01
-2.068246547091414200e+00 1.099588661046000532e-01
-2.019620769512792346e+00 1.089473787297563778e-01
-1.970994991934170937e+00 1.078957631169288889e-01
-1.922369214355549527e+00 1.068097153841302271e-01
-1.873743436776928117e+00 1.063516030353125613e-01
-1.825117659198306264e+00 1.073464873107465994e-01
-1.776491881619684854e+00 1.102791395424722320e-01
-1.727866104041063444e+00 1.151283531908815910e-01
-1.679240326462442034e+00 1.214371475913418597e-01
-1.630614548883820625e+00 1.283437470977490391e-01
-1.581988771305198771e+00 1.345633391202101514e-01
-1.533362993726577361e+00 1.386058939728609662e-01
-1.484737216147955952e+00 1.393766506023377261e-01
-1.436111438569334542e+00 1.368271868763348831e-01
-1.387485660990712688e+00 1.321058806548853770e-01
-1.338859883412091278e+00 1.270396971718702195e-01
-1.290234105833469869e+00 1.233520128278329658e-01
-1.241608328254848459e+00 1.221347146289142316e-01
-1.192982550676227049e+00 1.236998803417364290e-01
-1.144356773097605195e+00 1.275869997364827702e-01
-1.095730995518983786e+00 1.325945005966314427e-01
-1.047105217940362376e+00 1.370201343240321501e-01
-9.984794403617409664e-01 1.393078892632878818e-01
-9.498536627831191126e-01 1.388664651587331045e-01
-9.012278852044977029e-01 1.364540312209617801e-01
-8.526021076258762932e-01 1.337720307543864284e-01
-8.039763300472548835e-01 1.325826433234516266e-01
-7.553505524686334738e-01 1.339960666613630169e-01
-7.067247748900120641e-01 1.382361356922065521e-01
-6.580989973113906544e-01 1.446906027916118609e-01
-6.094732197327683565e-01 1.519987335569711051e-01
-5.608474421541469468e-01 1.582662418024271545e-01
-5.122216645755255371e-01 1.616431394934809140e-01
-4.635958869969041274e-01 1.611462156362381271e-01
-4.149701094182827177e-01 1.571730234577359553e-01
-3.663443318396613080e-01 1.512670620498426099e-01
-3.177185542610398983e-01 1.453173037292160574e-01
-2.690927766824184886e-01 1.408039194686058204e-01
-2.204669991037970789e-01 1.384879249100596788e-01
-1.718412215251756692e-01 1.384367147637937945e-01
-1.232154439465533713e-01 1.400975430927445253e-01
-7.458966636793196159e-02 1.423849592605626879e-01
-2.596388878931055189e-02 1.439914499544309723e-01
2.266188878931085782e-02 1.439750704303530415e-01
7.128766636793226752e-02 1.422878699242162981e-01
1.199134439465536772e-01 1.398131398296492967e-01
1.685392215251750869e-01 1.378770323076047299e-01
2.171649991037964966e-01 1.376423744798576931e-01
2.657907766824179063e-01 1.397604287741877338e-01
3.144165542610402042e-01 1.442598890127738953e-01
3.630423318396616139e-01 1.504507216957119142e-01
4.116681094182830236e-01 1.568576741048315071e-01
4.602938869969044333e-01 1.614945525525099679e-01
5.089196645755258430e-01 1.626353548032391239e-01
5.575454421541472527e-01 1.596930296130039395e-01
6.061712197327686624e-01 1.535418013964543749e-01
6.547969973113900721e-01 1.460408299815616207e-01
7.034227748900114818e-01 1.391874404509037821e-01
7.520485524686337797e-01 1.344844325032483190e-01
8.006743300472551894e-01 1.326795650673862903e-01
8.493001076258765991e-01 1.336576364027878827e-01
8.979258852044980088e-01 1.363747268479526265e-01
9.465516627831194185e-01 1.390574283142216594e-01
9.951774403617408282e-01 1.398862510027466532e-01
1.043803217940362238e+00 1.379147323531515201e-01
1.092428995518983648e+00 1.335798234408918095e-01
1.141054773097605057e+00 1.284022778564669343e-01
1.189680550676227355e+00 1.241588186352814843e-01
1.238306328254848765e+00 1.221578141979313692e-01
1.286932105833470175e+00 1.229391343516075957e-01
1.335557883412091584e+00 1.262425176319109665e-01
1.384183660990712994e+00 1.310265761905304860e-01
1.432809438569334404e+00 1.356174924731923526e-01
1.481435216147955813e+00 1.382084642933620322e-01
1.530060993726577223e+00 1.376310310303784368e-01
1.578686771305198633e+00 1.339021298877160204e-01
1.627312548883820931e+00 1.280960396998279682e-01
1.675938326462442340e+00 1.216639743857419464e-01
1.724564104041063750e+00 1.157906235958148927e-01
1.773189881619685160e+00 1.111963201559232339e-01
1.821815659198306570e+00 1.082431875427831841e-01
1.870441436776927979e+00 1.069798002738226450e-01
1.919067214355549389e+00 1.070577212724935501e-01
1.967692991934170799e+00 1.077965846520321791e-01
2.016318769512792208e+00 1.085800478533216762e-01
2.064944547091414506e+00 1.093329005731465686e-01
2.113570324670035916e+00 1.105967712434112460e-01
2.162196102248657326e+00 1.130143028294668395e-01
2.210821879827278735e+00 1.165772099742844597e-01
2.259447657405900145e+00 1.202420420659421341e-01
2.308073434984521555e+00 1.222381844265865020e-01
2.356699212563142964e+00 1.208545318288010151e-01
2.405324990141764374e+00 1.151609146452385740e-01
2.453950767720385784e+00 1.052542458712839996e-01
2.502576545299008082e+00 9.204403093192320418e-02
2.551202322877629491e+00 7.687812166260679647e-02
2.599828100456250901e+00 6.124189624972339180e-02
2.648453878034872311e+00 4.654333129564232341e-02
2.697079655613493721e+00 3.391499991459821783e-02
2.745705433192115130e+00 2.404912809816613789e-02
2.794331210770736540e+00 1.715563664200329616e-02
2.842956988349357950e+00 1.308875908713771560e-02
2.891582765927979359e+00 1.159350185911218849e-02
2.940208543506601657e+00 1.259577583883261451e-02
2.988834321085223067e+00 1.651910728844318763e-02
3.037460098663844477e+00 2.466851213266689838e-02
3.086085876242465886e+00 3.965969707012856338e-02
3.134711653821087296e+00 6.561253379094240945e-02
3.183337431399708706e+00 1.074450416071699305e-01
3.231963208978330115e+00 1.684920906415051656e-01
3.280588986556951525e+00 2.464969025028869443e-01
3.329214764135572935e+00 3.299770221314741736e-01
3.377840541714194345e+00 3.986556620855262745e-01
3.426466319292815754e+00 4.304359904990947561e-01
3.475092096871437164e+00 4.124686055038822019e-01
3.523717874450058574e+00 3.490287891911772467e-01
3.572343652028679983e+00 2.598506816136596509e-01
3.620969429607303169e+00 1.697508208086742076e-01
3.669595207185924579e+00 9.711826799165396151e-02
3.718220984764545989e+00 4.860651432535521843e-02
3.766846762343167399e+00 2.127801412998193281e-02
3.815472539921788808e+00 8.162344889215028196e-03
3.864098317500410218e+00 2.763611952249529248e-03
3.912724095079031628e+00 8.458902237916133540e-04
3.961349872657653037e+00 2.528178360612025441e-04
4.009975650236274447e+00 9.056113825595810325e-05
4.058601427814895857e+00 5.055677152175594864e-05
4.107227205393517266e+00 4.196999658290522683e-05
4.155852982972138676e+00 4.049736948670250715e-05
4.204478760550760086e+00 3.917988090574754255e-05
4.253104538129381496e+00 3.572382534338854607e-05
4.301730315708002905e+00 2.985924713744238723e-05
4.350356093286624315e+00 2.256848525566703716e-05
4.398981870865245725e+00 1.534362492168667269e-05
4.447607648443867134e+00 9.414894678201563160e-06
4.496233426022488544e+00 5.288054955616592130e-06
4.544859203601111730e+00 2.781267580863437943e-06
4.593484981179733140e+00 1.395051215604699523e-06
4.642110758758354550e+00 6.643045294380920616e-07
4.690736536336975959e+00 2.913964860992851657e-07
4.739362313915597369e+00 1.132281657924300034e-07
4.787988091494218779e+00 3.773773430359205151e-08
4.836613869072840188e+00 1.056406949490780847e-08
