-4.752861944665252913e+00 1.493726545587203880e-08
-4.705143226628416109e+00 5.882050830057882942e-08
-4.657424508591579304e+00 1.890282631958443851e-07
-4.609705790554742499e+00 4.980520726816065011e-07
-4.561987072517905695e+00 1.084391254278421828e-06
-4.514268354481069778e+00 1.977039743224631173e-06
-4.466549636444232974e+00 3.083345413601449372e-06
-4.418830918407396169e+00 4.241967040955098340e-06
-4.371112200370559364e+00 5.337580270280902537e-06
-4.323393482333722559e+00 6.327113264468721560e-06
-4.275674764296885755e+00 7.151054476519850011e-06
-4.227956046260048950e+00 7.703312554383933794e-06
-4.180237328223212145e+00 7.986565939423829994e-06
-4.132518610186375341e+00 8.351439660956011857e-06
-4.084799892149538536e+00 9.703681097182507103e-06
-4.037081174112701731e+00 1.426759004329227716e-05
-3.989362456075865371e+00 3.032306495096774823e-05
-3.941643738039029010e+00 9.396256661086611526e-05
-3.893925020002192205e+00 3.479995254812120781e-04
-3.846206301965355401e+00 1.272706815801901044e-03
-3.798487583928518596e+00 4.215879977378896200e-03
-3.750768865891681791e+00 1.228255057380051724e-02
-3.703050147854844987e+00 3.118933038623489945e-02
-3.655331429818008182e+00 6.888620486005353483e-02
-3.607612711781171821e+00 1.324197733971359259e-01
-3.559893993744335017e+00 2.220300906681509368e-01
-3.512175275707498656e+00 3.258348774838496498e-01
-3.464456557670661851e+00 4.205306155731577400e-01
-3.416737839633825047e+00 4.804546663440062426e-01
-3.369019121596988242e+00 4.902073625948290547e-01
-3.321300403560151437e+00 4.518747679709146925e-01
-3.273581685523314633e+00 3.818933453554528845e-01
-3.225862967486477828e+00 3.009980519585350733e-01
-3.178144249449641023e+00 2.250595801695687570e-01
-3.130425531412804663e+00 1.617933789138804035e-01
-3.082706813375967858e+00 1.127182403507831499e-01
-3.034988095339131497e+00 7.678890174850611094e-02
-2.987269377302294693e+00 5.292518765600013469e-02
-2.939550659265457888e+00 4.086132407675235889e-02
-2.891831941228621083e+00 4.102785624461937480e-02
-2.844113223191784279e+00 5.407012339340437623e-02
-2.796394505154947474e+00 8.001327820693819592e-02
-2.748675787118111113e+00 1.170216411718846689e-01
-2.700957069081274309e+00 1.603270875739022661e-01
-2.653238351044437504e+00 2.024268434937990524e-01
-2.605519633007600699e+00 2.351583974705134250e-01
-2.557800914970763895e+00 2.528135212326100834e-01
-2.510082196933927534e+00 2.543244116557394907e-01
-2.462363478897090729e+00 2.430027453749649680e-01
-2.414644760860253925e+00 2.241296467068537024e-01
-2.366926042823417120e+00 2.022664388778566136e-01
-2.319207324786580315e+00 1.800699419953839531e-01
-2.271488606749743955e+00 1.588542338282212529e-01
-2.223769888712907150e+00 1.396991551474233983e-01
-2.176051170676070345e+00 1.238311672343888059e-01
-2.128332452639233541e+00 1.120646733351874369e-01
-2.080613734602396736e+00 1.040881899776685826e-01
-2.032895016565560375e+00 9.846780397887315572e-02
-1.985176298528723571e+00 9.350840792380650524e-02
-1.937457580491886766e+00 8.829119181824271467e-02
-1.889738862455049961e+00 8.306121874337599187e-02
-1.842020144418213157e+00 7.877696697332331466e-02
-1.794301426381376796e+00 7.634644659034106606e-02
-1.746582708344539991e+00 7.615630252427116331e-02
-1.698863990307703187e+00 7.803223835487201054e-02
-1.651145272270866382e+00 8.136467007601966284e-02
-1.603426554234029577e+00 8.517297822861198686e-02
-1.555707836197193217e+00 8.819557703105301849e-02
-1.507989118160356412e+00 8.923146751516394803e-02
-1.460270400123519607e+00 8.769902799728272746e-02
-1.412551682086682803e+00 8.401835427834201953e-02
-1.364832964049845998e+00 7.945936178850938891e-02
-1.317114246013009637e+00 7.555292632647990503e-02
-1.269395527976172833e+00 7.350687330916162721e-02
-1.221676809939336028e+00 7.392057073139833567e-02
-1.173958091902499223e+00 7.670839142444459136e-02
-1.126239373865662419e+00 8.103506038137256451e-02
-1.078520655828826058e+00 8.533537005814773035e-02
-1.030801937791989253e+00 8.771329531504075405e-02
-9.830832197551524487e-01 8.677205428554897459e-02
-9.353645017183156440e-01 8.239604715020551473e-02
-8.876457836814788394e-01 7.585407967473936641e-02
-8.399270656446424788e-01 6.911587169079640158e-02
-7.922083476078056741e-01 6.392494953157649984e-02
-7.444896295709693135e-01 6.125230312203522320e-02
-6.967709115341325088e-01 6.127891259752018399e-02
-6.490521934972957041e-01 6.360629706699587327e-02
-6.013334754604588994e-01 6.739201201743520719e-02
-5.536147574236220947e-01 7.143891580891904847e-02
-5.058960393867852900e-01 7.448122457440592425e-02
-4.581773213499484854e-01 7.570452038009942153e-02
-4.104586033131116807e-01 7.515341085056172210e-02
-3.627398852762748760e-01 7.365988450347438210e-02
-3.150211672394380713e-01 7.235572388976663216e-02
-2.673024492026021548e-01 7.217973048957812554e-02
-2.195837311657653501e-01 7.364969143787597483e-02
-1.718650131289285454e-01 7.680121943216382252e-02
-1.241462950920917407e-01 8.110507742766467909e-02
-7.642757705525493606e-02 8.543387032767625622e-02
-2.870885901841813137e-02 8.834664300062609887e-02
1.900985901841867332e-02 8.873997893258046832e-02
6.672857705525547800e-02 8.646730632610420686e-02
1.144472950920922827e-01 8.242115240111494434e-02
1.621660131289290874e-01 7.801276412220625733e-02
2.098847311657650039e-01 7.448454577357978279e-02
2.576034492026018086e-01 7.250637859147146536e-02
3.053221672394386133e-01 7.212665639956949981e-02
3.530408852762754179e-01 7.287672066455282149e-02
4.007596033131122226e-01 7.390135967223350477e-02
4.484783213499490273e-01 7.418846918441082683e-02
4.961970393867858320e-01 7.297027796563916591e-02
5.439157574236226367e-01 7.013300269466346548e-02
5.916344754604594414e-01 6.632432503672335000e-02
6.393531934972962461e-01 6.265660429456612612e-02
6.870719115341321626e-01 6.025663127550195258e-02
7.347906295709689672e-01 5.996942539950171625e-02
7.825093476078057719e-01 6.224412762813456845e-02
8.302280656446425766e-01 6.701181294108364550e-02
8.779467836814793813e-01 7.348312145618632329e-02
9.256655017183161860e-01 8.009231319712792341e-02
9.733842197551529907e-01 8.490819083586521876e-02
1.021102937791989795e+00 8.649354110831580789e-02
1.068821655828826600e+00 8.467962487864678922e-02
1.116540373865663405e+00 8.064035948880246552e-02
1.164259091902499321e+00 7.621729459128008533e-02
1.211977809939336126e+00 7.306241520917902688e-02
1.259696527976172931e+00 7.215060305519872819e-02
1.307415246013009735e+00 7.370263988325911897e-02
1.355133964049846540e+00 7.723794243807283189e-02
1.402852682086683345e+00 8.164180399798311172e-02
1.450571400123520149e+00 8.541735173289055627e-02
1.498290118160356954e+00 8.723649357622347000e-02
1.546008836197193759e+00 8.654422822599265597e-02
1.593727554234029675e+00 8.378215301833409623e-02
1.641446272270866480e+00 8.007652453212925348e-02
1.689164990307703285e+00 7.668946598108050683e-02
1.736883708344540089e+00 7.463948373196535591e-02
1.784602426381376894e+00 7.458804215981529318e-02
1.832321144418213699e+00 7.679114135620110360e-02
1.880039862455050503e+00 8.098034619148253288e-02
1.927758580491887308e+00 8.634521500405226146e-02
1.975477298528724113e+00 9.191123021122725445e-02
2.023196016565560917e+00 9.727709431001213547e-02
2.070914734602396834e+00 1.031624913677280098e-01
2.118633452639233639e+00 1.111652507242498894e-01
2.166352170676070443e+00 1.227743782025714631e-01
2.214070888712907248e+00 1.384141453594204541e-01
2.261789606749744053e+00 1.573012574401743136e-01
2.309508324786580857e+00 1.781377347064385386e-01
2.357227042823417662e+00 1.998371977943531053e-01
2.404945760860254467e+00 2.213651531337454681e-01
2.452664478897091271e+00 2.406371540676838505e-01
2.500383196933928076e+00 2.536253398301666628e-01
2.548101914970763993e+00 2.550839085843746301e-01
2.595820633007600797e+00 2.410322981990767055e-01
2.643539351044437602e+00 2.114170035781255674e-01
2.691258069081274407e+00 1.709398536450403017e-01
2.738976787118111211e+00 1.273773733139981768e-01
2.786695505154948016e+00 8.858313474384378605e-02
2.834414223191784821e+00 6.012000832798933270e-02
2.882132941228621625e+00 4.464342363679587450e-02
2.929851659265458430e+00 4.272719634319883247e-02
2.977570377302295235e+00 5.408676762815909506e-02
3.025289095339131151e+00 7.848259703455769121e-02
3.073007813375967956e+00 1.162538818882297015e-01
3.120726531412804761e+00 1.685186267621011369e-01
3.168445249449641565e+00 2.364960246403650934e-01
3.216163967486478370e+00 3.191168879693662697e-01
3.263882685523314287e+00 4.091879726468394818e-01
3.311601403560151091e+00 4.906955331102766937e-01
3.359320121596987896e+00 5.411960393053991680e-01
3.407038839633824701e+00 5.408721140688416140e-01
3.454757557670661505e+00 4.839654591823657204e-01
3.502476275707498310e+00 3.841484211699145446e-01
3.550194993744335115e+00 2.686119861343122528e-01
3.597913711781171919e+00 1.646038997282417982e-01
3.645632429818008724e+00 8.806310833865341192e-02
3.693351147854845529e+00 4.102609920790056125e-02
3.741069865891682333e+00 1.662240401245600185e-02
3.788788583928519138e+00 5.863452965485363433e-03
3.836507301965355943e+00 1.813681442306944039e-03
3.884226020002192747e+00 5.058553898668795984e-04
3.931944738039029552e+00 1.404086729527466296e-04
3.979663456075866357e+00 5.004682370318092125e-05
4.027382174112703161e+00 2.897845479250291898e-05
4.075100892149539966e+00 2.365862530336927750e-05
4.122819610186376771e+00 2.183802770897154774e-05
4.170538328223213576e+00 2.048996354339227696e-05
4.218257046260048604e+00 1.845717083971488211e-05
4.265975764296885409e+00 1.536410780206041391e-05
4.313694482333722213e+00 1.155946222448107089e-05
4.361413200370559018e+00 7.809885723452290559e-06
4.409131918407395823e+00 4.771022505757203770e-06
4.456850636444232627e+00 2.669668804805013289e-06
4.504569354481069432e+00 1.376839176595609972e-06
4.552288072517906237e+00 6.474836246295965610e-07
4.600006790554743041e+00 2.706924391712369256e-07
4.647725508591579846e+00 9.775127805911635066e-08
4.695444226628416651e+00 2.978221343467760178e-08
4.743162944665253455e+00 7.534000521123706332e-09
