-4.317951947232828935e+00 5.879144726499768907e-09
-4.273020892486770528e+00 2.250587319503715367e-08
-4.228089837740712120e+00 7.290281789554941849e-08
-4.183158782994652825e+00 2.015266597342025296e-07
-4.138227728248594417e+00 4.811805913486829635e-07
-4.093296673502536009e+00 1.010146065958493797e-06
-4.048365618756477602e+00 1.917009544654453573e-06
-4.003434564010419194e+00 3.454153714123555766e-06
-3.958503509264360343e+00 6.484998119991717412e-06
-3.913572454518301491e+00 1.449560370349285560e-05
-3.868641399772243084e+00 4.076728201062714902e-05
-3.823710345026184676e+00 1.300152785599404488e-04
-3.778779290280125824e+00 4.120771698169492449e-04
-3.733848235534067417e+00 1.207429214393243924e-03
-3.688917180788008565e+00 3.179017875264826890e-03
-3.643986126041950158e+00 7.452909584972285638e-03
-3.599055071295891750e+00 1.554063388140921112e-02
-3.554124016549832898e+00 2.889936149419659872e-02
-3.509192961803774491e+00 4.817675381413901586e-02
-3.464261907057715639e+00 7.253243988817952015e-02
-3.419330852311657232e+00 9.957625498776050132e-02
-3.374399797565598824e+00 1.261229773311808855e-01
-3.329468742819539973e+00 1.493216708297475936e-01
-3.284537688073481121e+00 1.673948042701698391e-01
-3.239606633327422713e+00 1.796089085429053989e-01
-3.194675578581364306e+00 1.858520283683071372e-01
-3.149744523835305898e+00 1.865656552314348127e-01
-3.104813469089247047e+00 1.834011760777439215e-01
-3.059882414343188195e+00 1.802178830067076298e-01
-3.014951359597129787e+00 1.836273169974071140e-01
-2.970020304851071380e+00 2.025124472657728603e-01
-2.925089250105012972e+00 2.463849272441407390e-01
-2.880158195358954121e+00 3.225682756593709621e-01
-2.835227140612895269e+00 4.322438953391868344e-01
-2.790296085866836862e+00 5.661850014541039977e-01
-2.745365031120778454e+00 7.026066874179059951e-01
-2.700433976374720046e+00 8.103943980102835676e-01
-2.655502921628661195e+00 8.589374080178185933e-01
-2.610571866882602343e+00 8.310379783028273293e-01
-2.565640812136543936e+00 7.315536945894673959e-01
-2.520709757390485528e+00 5.858130614483936238e-01
-2.475778702644427121e+00 4.283677937100974775e-01
-2.430847647898368269e+00 2.890343071541626729e-01
-2.385916593152309417e+00 1.840424966121223804e-01
-2.340985538406251010e+00 1.153997072050159250e-01
-2.296054483660192602e+00 7.602105752460816546e-02
-2.251123428914133751e+00 5.600247635605574981e-02
-2.206192374168075343e+00 4.683990681801698114e-02
-2.161261319422016491e+00 4.292478189316507181e-02
-2.116330264675958084e+00 4.120810463362975518e-02
-2.071399209929899676e+00 4.021622241110447277e-02
-2.026468155183840825e+00 3.923542571350442654e-02
-1.981537100437782417e+00 3.795997850345222968e-02
-1.936606045691723565e+00 3.645851805596232037e-02
-1.891674990945665158e+00 3.513735108241652222e-02
-1.846743936199606750e+00 3.451812878045889404e-02
-1.801812881453547899e+00 3.491192997413914562e-02
-1.756881826707489491e+00 3.620143000946630246e-02
-1.711950771961430640e+00 3.785928186717541638e-02
-1.667019717215372232e+00 3.916079280010801439e-02
-1.622088662469313824e+00 3.945195783391386435e-02
-1.577157607723254973e+00 3.835568360616314898e-02
-1.532226552977196565e+00 3.587085494910330352e-02
-1.487295498231137714e+00 3.236226901676821782e-02
-1.442364443485079306e+00 2.844918814435922275e-02
-1.397433388739020899e+00 2.482078697887336524e-02
-1.352502333992962047e+00 2.204885578398482412e-02
-1.307571279246903639e+00 2.048242738779695871e-02
-1.262640224500844788e+00 2.025332976343858712e-02
-1.217709169754786380e+00 2.133050156406737438e-02
-1.172778115008727973e+00 2.352358746873383852e-02
-1.127847060262669121e+00 2.640770436306994623e-02
-1.082916005516610713e+00 2.927233248877485552e-02
-1.037984950770551862e+00 3.124996973013624557e-02
-9.930538960244934543e-01 3.165242392273284744e-02
-9.481228412784350468e-01 3.031981707173725393e-02
-9.031917865323761951e-01 2.770843655885374401e-02
-8.582607317863177876e-01 2.463135286151131934e-02
-8.133296770402589360e-01 2.184606150916923797e-02
-7.683986222942005284e-01 1.977593037264213996e-02
-7.234675675481421209e-01 1.849429684644835620e-02
-6.785365128020832692e-01 1.788014390565738701e-02
-6.336054580560248617e-01 1.776940001825227586e-02
-5.886744033099660101e-01 1.800337001214559474e-02
-5.437433485639076025e-01 1.840638702393020479e-02
-4.988122938178487509e-01 1.878664012876262585e-02
-4.538812390717903433e-01 1.900594610631782533e-02
-4.089501843257319358e-01 1.907042595840396579e-02
-3.640191295796730842e-01 1.915979999950670476e-02
-3.190880748336146766e-01 1.956851271459958408e-02
-2.741570200875562691e-01 2.060119657043037178e-02
-2.292259653414978615e-01 2.246976837564828439e-02
-1.842949105954385658e-01 2.519769640947419967e-02
-1.393638558493801582e-01 2.852810440445799692e-02
-9.443280110332175070e-02 3.188467752026358237e-02
-4.950174635726334316e-02 3.447609823958896341e-02
-4.570691611204047433e-03 3.557290679726270166e-02
4.036036313485436011e-02 3.483655065536684498e-02
8.529141788091276766e-02 3.248996101533101893e-02
1.302224726269711752e-01 2.920736065453073682e-02
1.751535273730295827e-01 2.580319496638702748e-02
2.200845821190888785e-01 2.292479056794870934e-02
2.650156368651472860e-01 2.089997296780620253e-02
3.099466916112056936e-01 1.974625787761000520e-02
3.548777463572641011e-01 1.926082241036230006e-02
3.998088011033225087e-01 1.912765917416495848e-02
4.447398558493818044e-01 1.903028035610635285e-02
4.896709105954402119e-01 1.876471263224959232e-02
5.346019653414986195e-01 1.831094913485933201e-02
5.795330200875570270e-01 1.781367878267231183e-02
6.244640748336154346e-01 1.748476927642645187e-02
6.693951295796747303e-01 1.751111098298916216e-02
7.143261843257331378e-01 1.803940162902438124e-02
7.592572390717915454e-01 1.921220834788330348e-02
8.041882938178499529e-01 2.115209079316862639e-02
8.491193485639083605e-01 2.383026556481580849e-02
8.940504033099676562e-01 2.689481543259872667e-02
9.389814580560260637e-01 2.964015706671813133e-02
9.839125128020844713e-01 3.124145489901281741e-02
1.028843567548142879e+00 3.116174208921837843e-02
1.073774622294201286e+00 2.945445426097701228e-02
1.118705677040260582e+00 2.673527746891349310e-02
1.163636731786318990e+00 2.386190552539309978e-02
1.208567786532377397e+00 2.157937929265735938e-02
1.253498841278435805e+00 2.035533293899216903e-02
1.298429896024494212e+00 2.041560463039080939e-02
1.343360950770553508e+00 2.183054590414065452e-02
1.388292005516611916e+00 2.452303029239909921e-02
1.433223060262670323e+00 2.820090732790395821e-02
1.478154115008728731e+00 3.231559530948577980e-02
1.523085169754787138e+00 3.613814945301442594e-02
1.568016224500846434e+00 3.895368142644465431e-02
1.612947279246904841e+00 4.028903869093549556e-02
1.657878333992963249e+00 4.007015546780203635e-02
1.702809388739021657e+00 3.865020759692334301e-02
1.747740443485080064e+00 3.670571359177397797e-02
1.792671498231139360e+00 3.502925961848873948e-02
1.837602552977197767e+00 3.426954205557468380e-02
1.882533607723256175e+00 3.470708444206693777e-02
1.927464662469314582e+00 3.618108777314496538e-02
1.972395717215372990e+00 3.823278944039453647e-02
2.017326771961432286e+00 4.039168534538208760e-02
2.062257826707490693e+00 4.241871300534091199e-02
2.107188881453549101e+00 4.439255184865449622e-02
2.152119936199607508e+00 4.677099999131952013e-02
2.197050990945665916e+00 5.073712531829112360e-02
2.241982045691725212e+00 5.901550370766005249e-02
2.286913100437783619e+00 7.693130800801790958e-02
2.331844155183842027e+00 1.129623503282397440e-01
2.376775209929900434e+00 1.776120065444234952e-01
2.421706264675958842e+00 2.795447339932237152e-01
2.466637319422018138e+00 4.192479213698298013e-01
2.511568374168076545e+00 5.830103967806702370e-01
2.556499428914134953e+00 7.419729097530310957e-01
2.601430483660193360e+00 8.596641812888955458e-01
2.646361538406251768e+00 9.061389021272623356e-01
2.691292593152311063e+00 8.712005478658966240e-01
2.736223647898369471e+00 7.685908756220445337e-01
2.781154702644427879e+00 6.288492085982305690e-01
2.826085757390486286e+00 4.859860138035921873e-01
2.871016812136544694e+00 3.659296290679092678e-01
2.915947866882603989e+00 2.815153236635620781e-01
2.960878921628662397e+00 2.335997527852171352e-01
3.005809976374720804e+00 2.151197976616231744e-01
3.050741031120779212e+00 2.153989945955659679e-01
3.095672085866838508e+00 2.236327293154244944e-01
3.140603140612896915e+00 2.313122869377851054e-01
3.185534195358955323e+00 2.333209109136210324e-01
3.230465250105013730e+00 2.275721187067120677e-01
3.275396304851072138e+00 2.137514180560828314e-01
3.320327359597131434e+00 1.922551806391815665e-01
3.365258414343189841e+00 1.640550853165887168e-01
3.410189469089248249e+00 1.312120988917205300e-01
3.455120523835306656e+00 9.709896452932792466e-02
3.500051578581365064e+00 6.569260029458140471e-02
3.544982633327424359e+00 4.022651937200703159e-02
3.589913688073482767e+00 2.212008212067884463e-02
3.634844742819541175e+00 1.086144658011956032e-02
3.679775797565599582e+00 4.747088000295271622e-03
3.724706852311657990e+00 1.847551879121749584e-03
3.769637907057716397e+00 6.457703816368870692e-04
3.814568961803774805e+00 2.092512360400564304e-04
3.859500016549833212e+00 6.936709693271761879e-05
3.904431071295893396e+00 2.890556723924904984e-05
3.949362126041951804e+00 1.724248974880058776e-05
3.994293180788010211e+00 1.269291993376458302e-05
4.039224235534068619e+00 9.691134672705017543e-06
4.084155290280127026e+00 7.216522505184391520e-06
4.129086345026185434e+00 5.229107252289266927e-06
4.174017399772243841e+00 3.732558304400199352e-06
4.218948454518302249e+00 2.641147669758087735e-06
4.263879509264360657e+00 1.840989660217817918e-06
4.308810564010420840e+00 1.242787102639034474e-06
4.353741618756479248e+00 7.932556533266343851e-07
4.398672673502537656e+00 4.656876520166486334e-07
4.443603728248596063e+00 2.446220811072028797e-07
4.488534782994654471e+00 1.122687330505470835e-07
4.533465837740712878e+00 4.419401021805746377e-08
4.578396892486771286e+00 1.472532078251881246e-08
4.623327947232828805e+00 4.115572543068883736e-09
