-2.181349391913674829e+00 4.933895491142277663e-03
-1.837818242246200828e+00 1.820911177195474323e-02
-1.494287092578726828e+00 5.375990731312905307e-02
-1.150755942911252605e+00 1.269727477806577576e-01
-8.072247932437786044e-01 2.399202695078310188e-01
-4.636936435763046038e-01 3.627203781250055159e-01
-1.201624939088303812e-01 4.388504991862782756e-01
2.233686557586436194e-01 4.251078184114964187e-01
5.668998054261176200e-01 3.300568526833043137e-01
9.104309550935916207e-01 2.059808400622922808e-01
1.253962104761065621e+00 1.042141674069632928e-01
1.597493254428539622e+00 4.397784972832079198e-02
1.941024404096014067e+00 1.704054960400971583e-02
2.284555553763487623e+00 7.769634153455121962e-03
2.628086703430962068e+00 5.319637914841644603e-03
2.971617853098435624e+00 4.857227154338093073e-03
3.315149002765910069e+00 4.833796634064226050e-03
3.658680152433384514e+00 4.877297823619259655e-03
4.002211302100858070e+00 4.916428219423102548e-03
4.345742451768332515e+00 4.938806828751603380e-03
4.689273601435806071e+00 4.946794860768906690e-03
5.032804751103280516e+00 4.943230945135940711e-03
5.376335900770754073e+00 4.928170859270998051e-03
5.719867050438228517e+00 4.901888254572314696e-03
6.063398200105702962e+00 4.862153122829786407e-03
6.406929349773176519e+00 4.809516915660832538e-03
6.750460499440650075e+00 4.752418741287359194e-03
7.093991649108125408e+00 4.698798596834139960e-03
7.437522798775598964e+00 4.652829705757382042e-03
7.781053948443072521e+00 4.616105109018755516e-03
8.124585098110546966e+00 4.585312808057143141e-03
8.468116247778020522e+00 4.557082472670903779e-03
8.811647397445494079e+00 4.530229995866499708e-03
9.155178547112967635e+00 4.501594281027882644e-03
9.498709696780444744e+00 4.469675209390862498e-03
9.842240846447918301e+00 4.435382384601727936e-03
1.018577199611539186e+01 4.398094469243595331e-03
1.052930314578286541e+01 4.359942860219921668e-03
1.087283429545033897e+01 4.325366402373351411e-03
1.121636544511781253e+01 4.295543182563708699e-03
1.155989659478528608e+01 4.270452242518560024e-03
1.190342774445276319e+01 4.248177824336858005e-03
1.224695889412023675e+01 4.223962150634633615e-03
1.259049004378771031e+01 4.195802007336159670e-03
1.293402119345518386e+01 4.162949031795675457e-03
1.327755234312265742e+01 4.124014003916712939e-03
1.362108349279013098e+01 4.081704637058427947e-03
1.396461464245760808e+01 4.039581942764633275e-03
1.430814579212508164e+01 3.998299471498757869e-03
1.465167694179255520e+01 3.958440710908845382e-03
1.499520809146002875e+01 3.918860663422395717e-03
1.533873924112750231e+01 3.878303611091407990e-03
1.568227039079497587e+01 3.840431434223190877e-03
1.602580154046244942e+01 3.809298274779832159e-03
1.636933269012992653e+01 3.786302032965588663e-03
1.671286383979740009e+01 3.771779131964477384e-03
1.705639498946487365e+01 3.762659588256956397e-03
1.739992613913234720e+01 3.754813686106390092e-03
1.774345728879982076e+01 3.746082001143518844e-03
1.808698843846729432e+01 3.733110037297873978e-03
1.843051958813476787e+01 3.713959189322794171e-03
1.877405073780224498e+01 3.690475463524169920e-03
1.911758188746971854e+01 3.663964942075969775e-03
1.946111303713719209e+01 3.636971478139591415e-03
1.980464418680466565e+01 3.614363452878810185e-03
2.014817533647213921e+01 3.597950670817969682e-03
2.049170648613961276e+01 3.586580041388098914e-03
2.083523763580708632e+01 3.576825244883398338e-03
2.117876878547456343e+01 3.563028836149778958e-03
2.152229993514203699e+01 3.543616567632730616e-03
2.186583108480951054e+01 3.520991344887381899e-03
2.220936223447698410e+01 3.495756682590235673e-03
2.255289338414445766e+01 3.467715782118479476e-03
2.289642453381193121e+01 3.435602348445666258e-03
2.323995568347940477e+01 3.397296002506588423e-03
2.358348683314688188e+01 3.355768133376649861e-03
2.392701798281435543e+01 3.316969346925639599e-03
2.427054913248182899e+01 3.283598148735729447e-03
2.461408028214930255e+01 3.255364293077829974e-03
2.495761143181677610e+01 3.228744002205224690e-03
2.530114258148424966e+01 3.199871895245301901e-03
2.564467373115172322e+01 3.170424950288064630e-03
2.598820488081920033e+01 3.144285810364600645e-03
2.633173603048667388e+01 3.123486247176452454e-03
2.667526718015414744e+01 3.109164401790655632e-03
2.701879832982162100e+01 3.099503017747478380e-03
2.736232947948909455e+01 3.090626909901710365e-03
2.770586062915656811e+01 3.079593101176482384e-03
2.804939177882404167e+01 3.062765073710407848e-03
2.839292292849151877e+01 3.038728340212289419e-03
2.873645407815899233e+01 3.011545377279312846e-03
2.907998522782646589e+01 2.985766591560008384e-03
2.942351637749393944e+01 2.964606912964094353e-03
2.976704752716141300e+01 2.950643269936256263e-03
3.011057867682889011e+01 2.942874840694360318e-03
3.045410982649636011e+01 2.937709891140522205e-03
3.079764097616383722e+01 2.930314438146261295e-03
3.114117212583130723e+01 2.914612979726967108e-03
3.148470327549878434e+01 2.889026646407638621e-03
3.182823442516625434e+01 2.857539681981980956e-03
3.217176557483372790e+01 2.823727275985431391e-03
3.251529672450120501e+01 2.790220842278743219e-03
3.285882787416867501e+01 2.758781809872303415e-03
3.320235902383615212e+01 2.729244000814159531e-03
3.354589017350362212e+01 2.703172277192875204e-03
3.388942132317109923e+01 2.683344875522783446e-03
3.423295247283856924e+01 2.669652432042443711e-03
3.457648362250604634e+01 2.659572287407534208e-03
3.492001477217352345e+01 2.648294094511412407e-03
3.526354592184099346e+01 2.631252382390281055e-03
3.560707707150847057e+01 2.609865149691838627e-03
3.595060822117594057e+01 2.588703775850104572e-03
3.629413937084341768e+01 2.569710047065767739e-03
3.663767052051088768e+01 2.551895102038000216e-03
3.698120167017836479e+01 2.531467314760383041e-03
3.732473281984584190e+01 2.505886632664911049e-03
3.766826396951331191e+01 2.479067135365621653e-03
3.801179511918078902e+01 2.456888688316797176e-03
3.835532626884825902e+01 2.441366299631572961e-03
3.869885741851573613e+01 2.430007294949071330e-03
3.904238856818320613e+01 2.416597001753334386e-03
3.938591971785068324e+01 2.396823870227101066e-03
3.972945086751816035e+01 2.372396854422981292e-03
4.007298201718563035e+01 2.346617349637413700e-03
4.041651316685310746e+01 2.321969337206205349e-03
4.076004431652057747e+01 2.300446209273191486e-03
4.110357546618805458e+01 2.281426066625054892e-03
4.144710661585552458e+01 2.262827292035384397e-03
4.179063776552300169e+01 2.242441164851763716e-03
4.213416891519047880e+01 2.217055791041922831e-03
4.247770006485794880e+01 2.185741337347926229e-03
4.282123121452542591e+01 2.150930188048595041e-03
4.316476236419289592e+01 2.114920967911753519e-03
4.350829351386037303e+01 2.080338041687797030e-03
4.385182466352784303e+01 2.050034053514690566e-03
4.419535581319532014e+01 2.024218532823263313e-03
4.453888696286279725e+01 2.000980662697062450e-03
4.488241811253026725e+01 1.976838723770209857e-03
4.522594926219774436e+01 1.948142009533636830e-03
4.556948041186521436e+01 1.915605055582018500e-03
4.591301156153269147e+01 1.883116104839235383e-03
4.625654271120016148e+01 1.852853062713989826e-03
4.660007386086763859e+01 1.824580303290322452e-03
4.694360501053511570e+01 1.795901398971041889e-03
4.728713616020258570e+01 1.764724168522036236e-03
4.763066730987006281e+01 1.733477899652572903e-03
4.797419845953753281e+01 1.706802478552669382e-03
4.831772960920500992e+01 1.686949878343319388e-03
4.866126075887247993e+01 1.672989672579901438e-03
4.900479190853995703e+01 1.661064946891719837e-03
4.934832305820743414e+01 1.647381900776904518e-03
4.969185420787490415e+01 1.631252037275629984e-03
5.003538535754238126e+01 1.612971290042953783e-03
5.037891650720985126e+01 1.592705509515709387e-03
5.072244765687732837e+01 1.571273444939307387e-03
5.106597880654479837e+01 1.548582690641433970e-03
5.140950995621227548e+01 1.524091794025628872e-03
5.175304110587975259e+01 1.498061075318028040e-03
5.209657225554722260e+01 1.470199288530636391e-03
5.244010340521469971e+01 1.440573944626125915e-03
5.278363455488216971e+01 1.410729791186046255e-03
5.312716570454964682e+01 1.382099697466071140e-03
5.347069685421711682e+01 1.356589465053784169e-03
5.381422800388459393e+01 1.336861212350863842e-03
5.415775915355207104e+01 1.323592947963267734e-03
5.450129030321954104e+01 1.314385903521483488e-03
5.484482145288701815e+01 1.304242099570368171e-03
5.518835260255448816e+01 1.288037265156087314e-03
5.553188375222196527e+01 1.265409102171640614e-03
5.587541490188943527e+01 1.240537015204190444e-03
5.621894605155691238e+01 1.217291374260048636e-03
5.656247720122438949e+01 1.197258141285895616e-03
5.690600835089185949e+01 1.179499432607148974e-03
5.724953950055933660e+01 1.161361320655283219e-03
5.759307065022680661e+01 1.140839473435317905e-03
5.793660179989428372e+01 1.116664117814796398e-03
5.828013294956175372e+01 1.088413360919468454e-03
5.862366409922923083e+01 1.058408816339679063e-03
5.896719524889670794e+01 1.030186211398907052e-03
5.931072639856417794e+01 1.005428889279576027e-03
5.965425754823165505e+01 9.834695364102175128e-04
5.999778869789912505e+01 9.617258326265544803e-04
6.034131984756660216e+01 9.377952719892048697e-04
6.068485099723407217e+01 9.117742277145703600e-04
6.102838214690154928e+01 8.857012952660905719e-04
6.137191329656902639e+01 8.658359479076732732e-04
6.171544444623649639e+01 8.751814871020310686e-04
6.205897559590396639e+01 9.818186520408856647e-04
6.240250674557145061e+01 1.336177517851959038e-03
6.274603789523892061e+01 2.153759527526832862e-03
6.308956904490639062e+01 3.543878854892241505e-03
6.343310019457386062e+01 5.229631362017122219e-03
6.377663134424134483e+01 6.484462168920178057e-03
6.412016249390882194e+01 6.572670791900160972e-03
6.446369364357629195e+01 5.383182602853712508e-03
6.480722479324377616e+01 3.544224634798488413e-03
6.515075594291124617e+01 1.871236429857766432e-03
6.549428709257871617e+01 7.912973266501127168e-04
6.583781824224618617e+01 2.678494042588362213e-04
6.618134939191367039e+01 7.255149265701070374e-05
