-3.446871775184927600e+00 2.999667234789818795e-03
-3.090621807595129056e+00 7.247629692735321587e-03
-2.734371840005330956e+00 1.590645978229645457e-02
-2.378121872415532856e+00 3.171088725600286484e-02
-2.021871904825734312e+00 5.742545161279012655e-02
-1.665621937235935990e+00 9.446418071348584855e-02
-1.309371969646137668e+00 1.411577888841301087e-01
-9.531220020563395678e-01 1.916152138394122406e-01
-5.968720344665410238e-01 2.362991887292416326e-01
-2.406220668767424797e-01 2.647484967908175224e-01
1.156279007130556202e-01 2.695241853408290034e-01
4.718778683028537202e-01 2.493733193404532034e-01
8.281278358926522642e-01 2.097806749582859231e-01
1.184377803482450808e+00 1.605769853268952663e-01
1.540627771072248464e+00 1.120193391538655547e-01
1.896877738662047008e+00 7.146064421876199835e-02
2.253127706251845552e+00 4.200331363098940701e-02
2.609377673841644096e+00 2.314223170725572196e-02
2.965627641431442640e+00 1.241486501045360388e-02
3.321877609021240296e+00 6.975025463857953932e-03
3.678127576611038840e+00 4.515669344207324902e-03
4.034377544200837384e+00 3.530572352646380897e-03
4.390627511790635040e+00 3.188112221556657026e-03
4.746877479380433584e+00 3.090871725004364513e-03
5.103127446970232128e+00 3.072377164064363925e-03
5.459377414560030672e+00 3.071068852952772363e-03
5.815627382149829216e+00 3.066800874626161161e-03
6.171877349739627761e+00 3.053857357174801553e-03
6.528127317329424528e+00 3.031204010228892402e-03
6.884377284919223072e+00 2.999551308989500259e-03
7.240627252509021616e+00 2.960621918549988761e-03
7.596877220098820160e+00 2.916889955880033313e-03
7.953127187688618704e+00 2.871260958339758289e-03
8.309377155278417248e+00 2.826622106372023591e-03
8.665627122868215793e+00 2.785367861803558602e-03
9.021877090458014337e+00 2.749062298479633838e-03
9.378127058047812881e+00 2.718369355140805646e-03
9.734377025637609648e+00 2.693269926572529512e-03
1.009062699322740819e+01 2.673434318133505790e-03
1.044687696081720674e+01 2.658528412836866101e-03
1.080312692840700528e+01 2.648287562977010533e-03
1.115937689599680382e+01 2.642371808277350562e-03
1.151562686358660237e+01 2.640178773221066137e-03
1.187187683117640091e+01 2.640794830767529116e-03
1.222812679876619768e+01 2.643111033768523639e-03
1.258437676635599800e+01 2.645969937383937584e-03
1.294062673394579477e+01 2.648198236203718522e-03
1.329687670153559509e+01 2.648522003907276788e-03
1.365312666912539186e+01 2.645510592004080962e-03
1.400937663671518862e+01 2.637707639780656824e-03
1.436562660430498894e+01 2.623975472787479050e-03
1.472187657189478571e+01 2.603919502817213325e-03
1.507812653948458603e+01 2.578191451530811081e-03
1.543437650707438280e+01 2.548520817049080602e-03
1.579062647466418312e+01 2.517436644246391977e-03
1.614687644225397989e+01 2.487748170260669842e-03
1.650312640984377666e+01 2.461921276656429697e-03
1.685937637743357698e+01 2.441517605066847573e-03
1.721562634502337374e+01 2.426858362322090353e-03
1.757187631261317406e+01 2.417028527742892240e-03
1.792812628020297083e+01 2.410243355158841420e-03
1.828437624779277115e+01 2.404474012697719806e-03
1.864062621538256792e+01 2.398118212331304313e-03
1.899687618297236824e+01 2.390461278902337398e-03
1.935312615056216501e+01 2.381741744050563069e-03
1.970937611815196178e+01 2.372806265296306498e-03
2.006562608574176210e+01 2.364541129156831449e-03
2.042187605333155886e+01 2.357382981265154949e-03
2.077812602092135918e+01 2.351146456671312883e-03
2.113437598851115595e+01 2.345189190747060202e-03
2.149062595610095627e+01 2.338726031774657297e-03
2.184687592369075304e+01 2.331070171771757599e-03
2.220312589128055336e+01 2.321729249712974931e-03
2.255937585887035013e+01 2.310454131253263012e-03
2.291562582646014690e+01 2.297351208785793769e-03
2.327187579404994722e+01 2.283021379487787644e-03
2.362812576163974398e+01 2.268551168893752010e-03
2.398437572922954431e+01 2.255219487151596553e-03
2.434062569681934107e+01 2.243986809985627079e-03
2.469687566440914139e+01 2.235029190460658451e-03
2.505312563199893816e+01 2.227600343057621959e-03
2.540937559958873493e+01 2.220331396454638950e-03
2.576562556717853525e+01 2.211830958979138419e-03
2.612187553476833202e+01 2.201282053822611016e-03
2.647812550235813234e+01 2.188738722410406637e-03
2.683437546994792910e+01 2.174995467119221221e-03
2.719062543753772943e+01 2.161136422360316993e-03
2.754687540512752619e+01 2.148024776288074734e-03
2.790312537271732296e+01 2.135974628944891946e-03
2.825937534030712328e+01 2.124694419564225265e-03
2.861562530789692360e+01 2.113441227507503045e-03
2.897187527548672037e+01 2.101286856650193009e-03
2.932812524307651714e+01 2.087444083576728369e-03
2.968437521066631390e+01 2.071616844091960907e-03
3.004062517825611778e+01 2.054261924805886753e-03
3.039687514584591455e+01 2.036572310057316575e-03
3.075312511343571131e+01 2.020065835604560080e-03
3.110937508102550808e+01 2.005910129241044587e-03
3.146562504861530485e+01 1.994351994552141273e-03
3.182187501620510872e+01 1.984611010959996206e-03
3.217812498379490194e+01 1.975304429913382447e-03
3.253437495138470581e+01 1.965119104215116552e-03
3.289062491897449547e+01 1.953320392366075537e-03
3.324687488656429935e+01 1.939862534596424083e-03
3.360312485415410322e+01 1.925156265934138992e-03
3.395937482174389288e+01 1.909717418719224452e-03
3.431562478933369675e+01 1.893888578361166723e-03
3.467187475692348642e+01 1.877702415611838104e-03
3.502812472451329029e+01 1.860876719354007157e-03
3.538437469210309416e+01 1.842924373821674044e-03
3.574062465969288382e+01 1.823357296673201473e-03
3.609687462728268770e+01 1.801913437322953063e-03
3.645312459487247736e+01 1.778685609891352166e-03
3.680937456246228123e+01 1.754064767271270231e-03
3.716562453005208511e+01 1.728537779072930776e-03
3.752187449764187477e+01 1.702498708513183225e-03
3.787812446523167864e+01 1.676224321275765136e-03
3.823437443282148251e+01 1.650022521106987976e-03
3.859062440041127218e+01 1.624409788942806970e-03
3.894687436800107605e+01 1.600145516255628607e-03
3.930312433559086571e+01 1.578065901765946227e-03
3.965937430318066959e+01 1.558812897975638207e-03
4.001562427077047346e+01 1.542624064178832423e-03
4.037187423836026312e+01 1.529302270232558514e-03
4.072812420595006699e+01 1.518374858218119470e-03
4.108437417353985666e+01 1.509356733782870946e-03
4.144062414112966053e+01 1.501992097475332447e-03
4.179687410871946440e+01 1.496365274219110678e-03
4.215312407630925406e+01 1.492825456058764462e-03
4.250937404389905794e+01 1.491745874879838764e-03
4.286562401148884760e+01 1.493214520496138247e-03
4.322187397907865147e+01 1.496799035058871217e-03
4.357812394666845535e+01 1.501507936354597823e-03
4.393437391425824501e+01 1.505977604283100695e-03
4.429062388184804888e+01 1.508797468354779528e-03
4.464687384943785275e+01 1.508824209633289649e-03
4.500312381702764242e+01 1.505373147601671725e-03
4.535937378461744629e+01 1.498271653586601094e-03
4.571562375220723595e+01 1.487826075160932852e-03
4.607187371979703983e+01 1.474740246397963656e-03
4.642812368738684370e+01 1.459969790688817569e-03
4.678437365497663336e+01 1.444485342605216676e-03
4.714062362256643723e+01 1.428981848721058668e-03
4.749687359015622690e+01 1.413651581794485778e-03
4.785312355774603077e+01 1.398145351709882082e-03
4.820937352533583464e+01 1.381753592453565911e-03
4.856562349292562430e+01 1.363713583293395910e-03
4.892187346051542818e+01 1.343486942224529591e-03
4.927812342810521784e+01 1.320892593785678339e-03
4.963437339569502171e+01 1.296084933424096561e-03
4.999062336328482559e+01 1.269458826798036937e-03
5.034687333087461525e+01 1.241585833284748622e-03
5.070312329846441912e+01 1.213231097164075992e-03
5.105937326605420878e+01 1.185408316569519071e-03
5.141562323364401266e+01 1.159370546551904057e-03
5.177187320123381653e+01 1.136461526403018032e-03
5.212812316882360619e+01 1.117855409300549680e-03
5.248437313641341007e+01 1.104311572364340133e-03
5.284062310400321394e+01 1.096077826397097010e-03
5.319687307159300360e+01 1.092977736376841416e-03
5.355312303918280747e+01 1.094595763176902607e-03
5.390937300677259714e+01 1.100425793539577726e-03
5.426562297436240101e+01 1.109902092502766799e-03
5.462187294195220488e+01 1.122329123515925604e-03
5.497812290954199455e+01 1.136789007099579850e-03
5.533437287713179842e+01 1.152100914717472425e-03
5.569062284472158808e+01 1.166861468428537002e-03
5.604687281231139195e+01 1.179553547733773553e-03
5.640312277990119583e+01 1.188696182465377163e-03
5.675937274749098549e+01 1.193014860989954299e-03
5.711562271508078936e+01 1.191620385260002508e-03
5.747187268267057902e+01 1.184180521616808295e-03
5.782812265026038290e+01 1.171053021447202329e-03
5.818437261785018677e+01 1.153343352216479106e-03
5.854062258543997643e+01 1.132901908034361421e-03
5.889687255302978031e+01 1.112458299774887402e-03
5.925312252061956997e+01 1.096517471252747957e-03
5.960937248820937384e+01 1.094445215774793312e-03
5.996562245579917771e+01 1.128322612574714657e-03
6.032187242338896738e+01 1.248964642153152895e-03
6.067812239097877125e+01 1.561953840662676013e-03
6.103437235856856091e+01 2.258438950898330761e-03
6.139062232615836479e+01 3.631224200025552282e-03
6.174687229374816866e+01 6.041162017599122774e-03
6.210312226133795832e+01 9.799135708576489634e-03
6.245937222892776219e+01 1.496525708947246507e-02
6.281562219651755186e+01 2.113890837258648389e-02
6.317187216410735573e+01 2.737792355977888836e-02
6.352812213169715960e+01 3.237188378030280561e-02
6.388437209928694926e+01 3.486825091882621297e-02
6.424062206687675314e+01 3.417269212122889255e-02
6.459687203446654280e+01 3.045319770444161050e-02
6.495312200205634667e+01 2.466764355882677257e-02
6.530937196964615055e+01 1.815786041753359240e-02
6.566562193723594021e+01 1.214456582403556847e-02
6.602187190482574408e+01 7.379713068172092522e-03
6.637812187241553374e+01 4.073899572348647392e-03
6.673437184000533762e+01 2.043036680432928562e-03
6.709062180759514149e+01 9.307309727318117129e-04
6.744687177518493115e+01 3.851635452363509128e-04
