-4.262974617204169370e+00 6.056752702376117653e-04
-3.898522611001112637e+00 1.265190558933301356e-03
-3.534070604798055459e+00 2.474646027877132077e-03
-3.169618598594998282e+00 4.532248040962712395e-03
-2.805166592391941549e+00 7.772502081798951870e-03
-2.440714586188884816e+00 1.248127143709295422e-02
-2.076262579985827639e+00 1.876779802522312787e-02
-1.711810573782770462e+00 2.642604661589760540e-02
-1.347358567579713728e+00 3.484388037095324797e-02
-9.829065613766569953e-01 4.302413316314215863e-02
-6.184545551735998181e-01 4.975219932148201851e-02
-2.540025489705426409e-01 5.388425285377727858e-02
1.104494572325140922e-01 5.466566025854507210e-02
4.749014634355708253e-01 5.195836811892833029e-02
8.393534696386284466e-01 4.628316901692085261e-02
1.203805475841685180e+00 3.865894204094998815e-02
1.568257482044741913e+00 3.030673887576618847e-02
1.932709488247798646e+00 2.233630549993069828e-02
2.297161494450855379e+00 1.552358346866247567e-02
2.661613500653913000e+00 1.023233597474405149e-02
3.026065506856969733e+00 6.466740118090705085e-03
3.390517513060026467e+00 3.998257760287558457e-03
3.754969519263084088e+00 2.502726753057557974e-03
4.119421525466139933e+00 1.663865586608440257e-03
4.483873531669197554e+00 1.228417394062886149e-03
4.848325537872255175e+00 1.020291581276515413e-03
5.212777544075311020e+00 9.303559121126104897e-04
5.577229550278368642e+00 8.974202310354007818e-04
5.941681556481426263e+00 8.901369790435232580e-04
6.306133562684482108e+00 8.937233180547195189e-04
6.670585568887539729e+00 9.017105476270933151e-04
7.035037575090595574e+00 9.114142310730051705e-04
7.399489581293653195e+00 9.216756907069840674e-04
7.763941587496710817e+00 9.318253319310971410e-04
8.128393593699765773e+00 9.412619353508108961e-04
8.492845599902825171e+00 9.493433654222369110e-04
8.857297606105881016e+00 9.554365030855032064e-04
9.221749612308936861e+00 9.590346385532886892e-04
9.586201618511996259e+00 9.598750638876983078e-04
9.950653624715052104e+00 9.580098683972022465e-04
1.031510563091810795e+01 9.538069539908530792e-04
1.067955763712116735e+01 9.478814717672188507e-04
1.104400964332422319e+01 9.409747583341762905e-04
1.140846164952727904e+01 9.338076319997808909e-04
1.177291365573033843e+01 9.269396909171835966e-04
1.213736566193339428e+01 9.206663989503597245e-04
1.250181766813645012e+01 9.149786224654822553e-04
1.286626967433950952e+01 9.095931964749802640e-04
1.323072168054256537e+01 9.040420306001358984e-04
1.359517368674562121e+01 8.977905594525795131e-04
1.395962569294868061e+01 8.903524430060357885e-04
1.432407769915173645e+01 8.813771307065381777e-04
1.468852970535479230e+01 8.707025949400244366e-04
1.505298171155785170e+01 8.583772409483026626e-04
1.541743371776090754e+01 8.446578235758101568e-04
1.578188572396396339e+01 8.299868009007509975e-04
1.614633773016702278e+01 8.149493053033965298e-04
1.651078973637007863e+01 8.002110527613467235e-04
1.687524174257313447e+01 7.864433902865733015e-04
1.723969374877619032e+01 7.742465272298340367e-04
1.760414575497924972e+01 7.640835692896798866e-04
1.796859776118230556e+01 7.562356695482358232e-04
1.833304976738536141e+01 7.507838680081112270e-04
1.869750177358842080e+01 7.476176642743368253e-04
1.906195377979147665e+01 7.464649278784945934e-04
1.942640578599453249e+01 7.469330217516517755e-04
1.979085779219759189e+01 7.485484211059799777e-04
2.015530979840064774e+01 7.507838498522132181e-04
2.051976180460370358e+01 7.530693333057506033e-04
2.088421381080676298e+01 7.547948356814527865e-04
2.124866581700981882e+01 7.553219747187134986e-04
2.161311782321287467e+01 7.540240639517165923e-04
2.197756982941593051e+01 7.503637563080790829e-04
2.234202183561898991e+01 7.439984713905923057e-04
2.270647384182204576e+01 7.348842688656053368e-04
2.307092584802510160e+01 7.233394149583202357e-04
2.343537785422816100e+01 7.100360609368573835e-04
2.379982986043121684e+01 6.959106422592240991e-04
2.416428186663427269e+01 6.820115987511146064e-04
2.452873387283733209e+01 6.693246191699716999e-04
2.489318587904038793e+01 6.586218911734514079e-04
2.525763788524344378e+01 6.503712882950440444e-04
2.562208989144650317e+01 6.447198908420874669e-04
2.598654189764955902e+01 6.415430788372796476e-04
2.635099390385261486e+01 6.405337328706961920e-04
2.671544591005567426e+01 6.412997248486087751e-04
2.707989791625873011e+01 6.434415658688786861e-04
2.744434992246178595e+01 6.465930340267614373e-04
2.780880192866484535e+01 6.504222196728631257e-04
2.817325393486789764e+01 6.546048025493343171e-04
2.853770594107095704e+01 6.587913588173032776e-04
2.890215794727401644e+01 6.625923171351836075e-04
2.926660995347706873e+01 6.655961650467672299e-04
2.963106195968012813e+01 6.674209066658041241e-04
2.999551396588318752e+01 6.677820101079767496e-04
3.035996597208623982e+01 6.665502557838811834e-04
3.072441797828929921e+01 6.637754171735089741e-04
3.108886998449235861e+01 6.596657576035234614e-04
3.145332199069541090e+01 6.545318546283521079e-04
3.181777399689847030e+01 6.487169291500085883e-04
3.218222600310152615e+01 6.425384235102187631e-04
3.254667800930457844e+01 6.362570846579692100e-04
3.291113001550763784e+01 6.300756925038603681e-04
3.327558202171069723e+01 6.241568901066144514e-04
3.364003402791374953e+01 6.186433158229762705e-04
3.400448603411680892e+01 6.136647640180913988e-04
3.436893804031986832e+01 6.093246752307879049e-04
3.473339004652292061e+01 6.056684608172757927e-04
3.509784205272598001e+01 6.026452036061298546e-04
3.546229405892903941e+01 6.000790386369054142e-04
3.582674606513209170e+01 5.976654982009168724e-04
3.619119807133515110e+01 5.950017993837727762e-04
3.655565007753821050e+01 5.916504859968712074e-04
3.692010208374126279e+01 5.872255435345450931e-04
3.728455408994432219e+01 5.814815084404986994e-04
3.764900609614737448e+01 5.743817037407974091e-04
3.801345810235043388e+01 5.661242456180344725e-04
3.837791010855349327e+01 5.571154089130491002e-04
3.874236211475654557e+01 5.478971721712930535e-04
3.910681412095960496e+01 5.390523267882155623e-04
3.947126612716266436e+01 5.311174244233430458e-04
3.983571813336571665e+01 5.245260085456229619e-04
4.020017013956877605e+01 5.195857271418032920e-04
4.056462214577183545e+01 5.164743722966321643e-04
4.092907415197488774e+01 5.152333730169277081e-04
4.129352615817794714e+01 5.157468127445899225e-04
4.165797816438100654e+01 5.177131932348102549e-04
4.202243017058405883e+01 5.206334175454181094e-04
4.238688217678711823e+01 5.238412272551766329e-04
4.275133418299017762e+01 5.265887650932526759e-04
4.311578618919322992e+01 5.281757589301350761e-04
4.348023819539628931e+01 5.280870616675652609e-04
4.384469020159934871e+01 5.260915067210952204e-04
4.420914220780240100e+01 5.222626958661507343e-04
4.457359421400546040e+01 5.169089480393312345e-04
4.493804622020851980e+01 5.104353811480042726e-04
4.530249822641157209e+01 5.031898501914370235e-04
4.566695023261463149e+01 4.953515291938104031e-04
4.603140223881769089e+01 4.869017408505901638e-04
4.639585424502074318e+01 4.776804727670820681e-04
4.676030625122380258e+01 4.674971823712903104e-04
4.712475825742686197e+01 4.562476609186010001e-04
4.748921026362991427e+01 4.439954964299248712e-04
4.785366226983297366e+01 4.309995144373212446e-04
4.821811427603602596e+01 4.176928538167741164e-04
4.858256628223908535e+01 4.046326993282655824e-04
4.894701828844214475e+01 3.924386491265977961e-04
4.931147029464519704e+01 3.817279905383375504e-04
4.967592230084825644e+01 3.730477135456752857e-04
5.004037430705131584e+01 3.668031262168028697e-04
5.040482631325436813e+01 3.631913625900465422e-04
5.076927831945742753e+01 3.621577360105800603e-04
5.113373032566048693e+01 3.633945165281644895e-04
5.149818233186353922e+01 3.663906844236396914e-04
5.186263433806659862e+01 3.705217468484504461e-04
5.222708634426965801e+01 3.751520115948624016e-04
5.259153835047271031e+01 3.797185926792480989e-04
5.295599035667576970e+01 3.837792197482646148e-04
5.332044236287882910e+01 3.870261802646016440e-04
5.368489436908188139e+01 3.892830526034268563e-04
5.404934637528494079e+01 3.905008482313666071e-04
5.441379838148800019e+01 3.907582338470744644e-04
5.477825038769105248e+01 3.902572802280819238e-04
5.514270239389411188e+01 3.893017693276464475e-04
5.550715440009717128e+01 3.882520379464910647e-04
5.587160640630022357e+01 3.874640868608584740e-04
5.623605841250328297e+01 3.872368100822273220e-04
5.660051041870634236e+01 3.878150392708309036e-04
5.696496242490939466e+01 3.895527644319629742e-04
5.732941443111245405e+01 3.934886270199289770e-04
5.769386643731551345e+01 4.029339729923856221e-04
5.805831844351856574e+01 4.273889008007851010e-04
5.842277044972162514e+01 4.913476176911285489e-04
5.878722245592468454e+01 6.522752179153667529e-04
5.915167446212773683e+01 1.033517931460182712e-03
5.951612646833079623e+01 1.877233281136552042e-03
5.988057847453385563e+01 3.616382814716542944e-03
6.024503048073690792e+01 6.950209678377288099e-03
6.060948248693996021e+01 1.288466598179624500e-02
6.097393449314302671e+01 2.267632077491858050e-02
6.133838649934607901e+01 3.761391584546554256e-02
6.170283850554913130e+01 5.860848257831968028e-02
6.206729051175219780e+01 8.565042964082671129e-02
6.243174251795525009e+01 1.173068234635531171e-01
6.279619452415830239e+01 1.505122318864574316e-01
6.316064653036136889e+01 1.808774825270410280e-01
6.352509853656442118e+01 2.035686931691483847e-01
6.388955054276747347e+01 2.145467964352034962e-01
6.425400254897054708e+01 2.117386066381773124e-01
6.461845455517359937e+01 1.956744225131604731e-01
6.498290656137665167e+01 1.693234007090104742e-01
6.534735856757971817e+01 1.371968394714276895e-01
6.571181057378277046e+01 1.040907688337502773e-01
6.607626257998582275e+01 7.394674393084722797e-02
6.644071458618888926e+01 4.918843542341067021e-02
6.680516659239194155e+01 3.063676423488031347e-02
6.716961859859499384e+01 1.786725490249956722e-02
6.753407060479806034e+01 9.756794556477620117e-03
6.789852261100111264e+01 4.988734207231528689e-03
6.826297461720416493e+01 2.388399954663236301e-03
