
-4.569113880828565399e+00 6.320169134573897839e-09
-4.522621821724761126e+00 4.930167200819973059e-08
-4.476129762620955965e+00 2.445209791814380832e-07
-4.429637703517151692e+00 8.019864438860545486e-07
-4.383145644413346531e+00 1.836695273467238654e-06
-4.336653585309542258e+00 3.131216128359997300e-06
-4.290161526205737097e+00 4.304165370136481328e-06
-4.243669467101932824e+00 5.494206284894328072e-06
-4.197177407998127663e+00 7.738114000445776118e-06
-4.150685348894323390e+00 1.188676181631440236e-05
-4.104193289790518229e+00 1.742061157489057592e-05
-4.057701230686713956e+00 2.350160946087154483e-05
-4.011209171582908795e+00 3.010094532491235672e-05
-3.964717112479104522e+00 3.730231887541355816e-05
-3.918225053375299805e+00 4.497377522807567387e-05
-3.871732994271495087e+00 5.301146170128180493e-05
-3.825240935167690370e+00 6.874070365378916225e-05
-3.778748876063885653e+00 1.406575521700616596e-04
-3.732256816960081380e+00 4.439499451045353915e-04
-3.685764757856276219e+00 1.466207453580204833e-03
-3.639272698752471946e+00 4.344642786209103151e-03
-3.592780639648667229e+00 1.126544746356413634e-02
-3.546288580544862512e+00 2.553733477845118380e-02
-3.499796521441057795e+00 5.076585528357373256e-02
-3.453304462337253078e+00 8.899065992461224761e-02
-3.406812403233448361e+00 1.388023529661256139e-01
-3.360320344129643644e+00 1.950571170058275072e-01
-3.313828285025838927e+00 2.504461950446916219e-01
-3.267336225922034210e+00 2.977086262154138852e-01
-3.220844166818229937e+00 3.313721085817072920e-01
-3.174352107714424776e+00 3.476295020344618014e-01
-3.127860048610620503e+00 3.427976555583285290e-01
-3.081367989506815341e+00 3.146159285407403305e-01
-3.034875930403011068e+00 2.662374661271610932e-01
-2.988383871299205907e+00 2.068737636960943371e-01
-2.941891812195401634e+00 1.477983753346137630e-01
-2.895399753091596917e+00 9.775548876875377047e-02
-2.848907693987792200e+00 6.064263587347844264e-02
-2.802415634883987483e+00 3.597636800068815255e-02
-2.755923575780182766e+00 2.099725977129498697e-02
-2.709431516676378049e+00 1.254619844520838030e-02
-2.662939457572573332e+00 8.032432384525521607e-03
-2.616447398468769059e+00 5.742313153734360937e-03
-2.569955339364963898e+00 4.758676470736310053e-03
-2.523463280261159181e+00 4.831666433609158214e-03
-2.476971221157354908e+00 6.422888066508376792e-03
-2.430479162053550191e+00 1.074380458393112657e-02
-2.383987102949745474e+00 1.918372052665269500e-02
-2.337495043845940756e+00 3.189304643411732670e-02
-2.291002984742136039e+00 4.661707585313811658e-02
-2.244510925638331322e+00 5.879167496464677428e-02
-2.198018866534526605e+00 6.308550267217948038e-02
-2.151526807430721888e+00 5.695000169959232167e-02
-2.105034748326917171e+00 4.336336314136583769e-02
-2.058542689223112454e+00 2.844851344240998878e-02
-2.012050630119307737e+00 1.689205176240392986e-02
-1.965558571015503020e+00 1.013146326587797963e-02
-1.919066511911698303e+00 7.200806579873137055e-03
-1.872574452807894030e+00 6.374509065034151233e-03
-1.826082393704089313e+00 6.414639196879333774e-03
-1.779590334600284596e+00 6.808870072727053399e-03
-1.733098275496479879e+00 7.412336356645460832e-03
-1.686606216392675162e+00 8.187579981425042314e-03
-1.640114157288870445e+00 9.127713944880088207e-03
-1.593622098185065727e+00 1.020283279453776393e-02
-1.547130039081261010e+00 1.136154758330263324e-02
-1.500637979977456293e+00 1.258022364426344963e-02
-1.454145920873651576e+00 1.386100569934333240e-02
-1.407653861769846859e+00 1.521763472951135135e-02
-1.361161802666042142e+00 1.671414912399247013e-02
-1.314669743562237425e+00 1.848030592176762993e-02
-1.268177684458433152e+00 2.063080514238448820e-02
-1.221685625354628435e+00 2.322371198099298928e-02
-1.175193566250823718e+00 2.636014558364354471e-02
-1.128701507147019001e+00 3.020419049341037041e-02
-1.082209448043214284e+00 3.485945217584207612e-02
-1.035717388939409567e+00 4.039651113531394361e-02
-9.892253298356048496e-01 4.702477076201871942e-02
-9.427332707318001326e-01 5.520466846503625791e-02
-8.962412116279954155e-01 6.564944032162775556e-02
-8.497491525241906984e-01 7.915014018267277351e-02
-8.032570934203859814e-01 9.634568522378256228e-02
-7.567650343165812643e-01 1.176849508354370494e-01
-7.102729752127765472e-01 1.434841919546567257e-01
-6.637809161089722743e-01 1.738625578433423968e-01
-6.172888570051675572e-01 2.085231522150858829e-01
-5.707967979013628401e-01 2.465114166288076281e-01
-5.243047387975581231e-01 2.862913131313301052e-01
-4.778126796937529619e-01 3.263523460226474548e-01
-4.313206205899486889e-01 3.658838313429761402e-01
-3.848285614861444159e-01 4.046977261588314279e-01
-3.383365023823392548e-01 4.423821597026582064e-01
-2.918444432785349818e-01 4.777533199748028037e-01
-2.453523841747298206e-01 5.092843223079719372e-01
-1.988603250709255477e-01 5.359330048837450677e-01
-1.523682659671203865e-01 5.574987644662056097e-01
-1.058762068633161135e-01 5.742471718099189104e-01
-5.938414775951095237e-02 5.860279220563505698e-01
-1.289208865570667939e-02 5.917363702843712048e-01
3.359997044809848177e-02 5.901770013704916718e-01
8.009202955190275475e-02 5.813843633035324920e-01
1.265840886557079159e-01 5.666325173132329418e-01
1.730761477595121889e-01 5.472116490247886933e-01
2.195682068633164619e-01 5.233713632878926880e-01
2.660602659671216230e-01 4.947387340036459302e-01
3.125523250709258960e-01 4.615803802390009425e-01
3.590443841747310572e-01 4.251271186484362197e-01
4.055364432785353301e-01 3.868228967554802611e-01
4.520285023823404913e-01 3.476059774257496682e-01
4.985205614861447643e-01 3.078504465418088198e-01
5.450126205899499254e-01 2.679703490078648720e-01
5.915046796937541984e-01 2.290387314737623581e-01
6.379967387975593596e-01 1.925416317358982776e-01
6.844887979013636325e-01 1.597297846488395512e-01
7.309808570051687937e-01 1.313988255355901247e-01
7.774729161089730667e-01 1.077909849619602123e-01
8.239649752127773397e-01 8.861295886218209517e-02
8.704570343165825008e-01 7.336680588492909549e-02
9.169490934203867738e-01 6.150034018764850147e-02
9.634411525241919350e-01 5.228466931108696758e-02
1.009933211627996208e+00 4.493249019758682739e-02
1.056425270731801369e+00 3.886879168532124396e-02
1.102917329835605642e+00 3.376640736511044710e-02
1.149409388939410803e+00 2.945950106085441431e-02
1.195901448043215076e+00 2.586856281184690340e-02
1.242393507147020237e+00 2.291350432898243625e-02
1.288885566250824510e+00 2.049301003527982321e-02
1.335377625354629672e+00 1.850912897744272367e-02
1.381869684458433944e+00 1.685180577023138657e-02
1.428361743562238217e+00 1.538728858580239861e-02
1.474853802666043379e+00 1.400397831998513934e-02
1.521345861769847652e+00 1.265507075646588563e-02
1.567837920873652813e+00 1.134859509462733153e-02
1.614329979977457086e+00 1.013039065361216046e-02
1.660822039081262247e+00 9.052960492131022219e-03
1.707314098185066520e+00 8.132573070915891794e-03
1.753806157288871681e+00 7.368865352184357682e-03
1.800298216392675954e+00 6.793077463593176664e-03
1.846790275496481115e+00 6.474105856970283762e-03
1.893282334600285388e+00 6.649671733992976869e-03
1.939774393704090549e+00 8.130982395105127575e-03
1.986266452807894822e+00 1.248742755127477989e-02
2.032758511911699095e+00 2.130900636418066665e-02
2.079250571015504256e+00 3.469643304252828520e-02
2.125742630119308529e+00 4.978266840104535879e-02
2.172234689223113691e+00 6.076149348372909820e-02
2.218726748326917964e+00 6.226931628134311364e-02
2.265218807430723125e+00 5.384639696998676922e-02
2.311710866534527398e+00 3.983876506637033799e-02
2.358202925638332559e+00 2.556471964712223391e-02
2.404694984742136832e+00 1.465150163621019470e-02
2.451187043845941993e+00 8.211122938416984263e-03
2.497679102949746266e+00 5.343095019867817423e-03
2.544171162053551427e+00 4.605351747614301779e-03
2.590663221157355700e+00 5.086169045768435676e-03
2.637155280261159973e+00 6.619411857530005730e-03
2.683647339364965134e+00 9.735253484565453003e-03
2.730139398468769407e+00 1.572328503974991520e-02
2.776631457572574568e+00 2.672582074714760850e-02
2.823123516676378841e+00 4.563438351201742904e-02
2.869615575780184002e+00 7.554696585879425164e-02
2.916107634883988275e+00 1.184388757708007972e-01
2.962599693987793437e+00 1.730900734503864613e-01
3.009091753091597710e+00 2.334507582663009340e-01
3.055583812195402871e+00 2.892534794067899151e-01
3.102075871299207144e+00 3.295241257881751928e-01
3.148567930403012305e+00 3.474194291175060623e-01
3.195059989506816578e+00 3.425580473056086817e-01
3.241552048610620851e+00 3.182901662652841690e-01
3.288044107714426012e+00 2.782100678905560232e-01
3.334536166818230285e+00 2.266368360992400410e-01
3.381028225922035446e+00 1.699511571062709558e-01
3.427520285025839719e+00 1.157108573420547321e-01
3.474012344129643992e+00 7.058500943525883309e-02
3.520504403233449153e+00 3.818871708045319668e-02
3.566996462337254314e+00 1.820265421338071801e-02
3.613488521441059476e+00 7.613385818446283260e-03
3.659980580544862860e+00 2.799928298363932224e-03
3.706472639648668022e+00 9.351764379008449448e-04
3.752964698752473183e+00 3.345124914363272590e-04
3.799456757856276568e+00 1.859751031343362837e-04
3.845948816960081729e+00 1.679589243930378712e-04
3.892440876063886890e+00 1.758162811835591553e-04
3.938932935167692051e+00 1.786271344900289997e-04
3.985424994271495436e+00 1.664914466945984406e-04
4.031917053375300597e+00 1.413227805940169013e-04
4.078409112479105758e+00 1.106861851237239713e-04
4.124901171582910919e+00 7.952728570321945052e-05
4.171393230686714304e+00 5.207863260599461845e-05
4.217885289790519465e+00 3.235638416415801788e-05
4.264377348894324626e+00 1.981189826963510400e-05
4.310869407998129788e+00 1.123713863709873845e-05
4.357361467101933172e+00 5.273194229355016813e-06
4.403853526205738333e+00 1.965271024726471760e-06
4.450345585309543495e+00 7.236709864727660902e-07
4.496837644413346879e+00 3.994274626576466263e-07
4.543329703517152041e+00 2.381479379924513312e-07
4.589821762620957202e+00 9.756457400908906421e-08
4.636313821724762363e+00 2.433595882680920533e-08
4.682805880828564860e+00 3.620899547671007264e-09
