-4.127637689658377518e+00 1.526382927077838282e-08
-4.086648562124122641e+00 6.321184506223748360e-08
-4.045659434589867764e+00 2.098853358995979597e-07
-4.004670307055612000e+00 5.654739647509132632e-07
-3.963681179521357123e+00 1.257487277991225842e-06
-3.922692051987102246e+00 2.361961677527244344e-06
-3.881702924452847370e+00 3.855601946618418808e-06
-3.840713796918592049e+00 5.640305664591099640e-06
-3.799724669384337172e+00 7.602736003037878801e-06
-3.758735541850082296e+00 9.647479181101054559e-06
-3.717746414315826975e+00 1.171877455922419191e-05
-3.676757286781572098e+00 1.382781719113349258e-05
-3.635768159247317222e+00 1.600902215852219123e-05
-3.594779031713061901e+00 1.820752025983699186e-05
-3.553789904178807024e+00 2.039688650440439605e-05
-3.512800776644551703e+00 2.338636822584307611e-05
-3.471811649110296827e+00 3.077753455365629041e-05
-3.430822521576041950e+00 5.298738233984526925e-05
-3.389833394041786629e+00 1.157004755855772066e-04
-3.348844266507531753e+00 2.774606768528904027e-04
-3.307855138973276432e+00 6.634719584804305535e-04
-3.266866011439021555e+00 1.522252659524690483e-03
-3.225876883904766679e+00 3.303837825275821646e-03
-3.184887756370511802e+00 6.740884123305247895e-03
-3.143898628836256481e+00 1.289330905419595538e-02
-3.102909501302001161e+00 2.310628839814875615e-02
-3.061920373767746284e+00 3.884919644010601664e-02
-3.020931246233491407e+00 6.145926155066103874e-02
-2.979942118699236531e+00 9.186944868586442714e-02
-2.938952991164981210e+00 1.303791118827289375e-01
-2.897963863630726333e+00 1.764433332180666836e-01
-2.856974736096471013e+00 2.284425435928235382e-01
-2.815985608562216136e+00 2.834755374972930952e-01
-2.774996481027961259e+00 3.372904720633471132e-01
-2.734007353493705939e+00 3.845180385649200061e-01
-2.693018225959451062e+00 4.193900209219461050e-01
-2.652029098425195741e+00 4.369493159315190889e-01
-2.611039970890940864e+00 4.343886781662334995e-01
-2.570050843356685988e+00 4.119274609657999076e-01
-2.529061715822431111e+00 3.727985003055138136e-01
-2.488072588288175790e+00 3.223702447235763935e-01
-2.447083460753920470e+00 2.668338930216191396e-01
-2.406094333219665593e+00 2.119508885601000536e-01
-2.365105205685410716e+00 1.621466646988352078e-01
-2.324116078151155840e+00 1.200574547241985979e-01
-2.283126950616900519e+00 8.657019423189314666e-02
-2.242137823082645642e+00 6.126507559131195296e-02
-2.201148695548390322e+00 4.298958051356565474e-02
-2.160159568014135445e+00 3.030345679982525062e-02
-2.119170440479880568e+00 2.174388535730927344e-02
-2.078181312945625248e+00 1.600511297051129128e-02
-2.037192185411370371e+00 1.208616083402673340e-02
-1.996203057877115050e+00 9.361826146823338385e-03
-1.955213930342860174e+00 7.523043020922611825e-03
-1.914224802808605297e+00 6.420484478132916679e-03
-1.873235675274349976e+00 5.920744715638361425e-03
-1.832246547740095099e+00 5.855504885657948112e-03
-1.791257420205840223e+00 6.049812715267321832e-03
-1.750268292671584902e+00 6.367024702005949673e-03
-1.709279165137330025e+00 6.732299114352579238e-03
-1.668290037603075149e+00 7.130314975218612905e-03
-1.627300910068819828e+00 7.582510814776428389e-03
-1.586311782534564951e+00 8.114316250128648586e-03
-1.545322655000309631e+00 8.729411853004551830e-03
-1.504333527466054754e+00 9.401570723875150512e-03
-1.463344399931799877e+00 1.008197799520236040e-02
-1.422355272397544557e+00 1.071975731356759887e-02
-1.381366144863289680e+00 1.129407629346427730e-02
-1.340377017329034359e+00 1.183874844767025293e-02
-1.299387889794779483e+00 1.243312811243456675e-02
-1.258398762260524606e+00 1.316495836854228788e-02
-1.217409634726269285e+00 1.410261104633192368e-02
-1.176420507192014409e+00 1.530182911987472243e-02
-1.135431379657759532e+00 1.683561717251633866e-02
-1.094442252123504211e+00 1.881903010613457383e-02
-1.053453124589249335e+00 2.141813671935264771e-02
-1.012463997054994458e+00 2.485542089030324392e-02
-9.714748695207391371e-01 2.941347805057972775e-02
-9.304857419864842605e-01 3.541862968894351343e-02
-8.894966144522289397e-01 4.320935566708673792e-02
-8.485074869179740631e-01 5.312870784419650855e-02
-8.075183593837191864e-01 6.554996480682413751e-02
-7.665292318494638657e-01 8.088094630404819851e-02
-7.255401043152089890e-01 9.949378542329627428e-02
-6.845509767809536683e-01 1.215992301130259107e-01
-6.435618492466987917e-01 1.471389985668404288e-01
-6.025727217124439150e-01 1.757635108089650733e-01
-5.615835941781885943e-01 2.069204288859912699e-01
-5.205944666439337176e-01 2.400073313090385629e-01
-4.796053391096788410e-01 2.744796318202128438e-01
-4.386162115754235202e-01 3.098547129355214147e-01
-3.976270840411686436e-01 3.456612121547325556e-01
-3.566379565069137669e-01 3.813741061492448847e-01
-3.156488289726584462e-01 4.163125181515476281e-01
-2.746597014384035695e-01 4.495507067162059500e-01
-2.336705739041482488e-01 4.799961875291818836e-01
-1.926814463698933722e-01 5.066572751450403311e-01
-1.516923188356384955e-01 5.288704323488450099e-01
-1.107031913013836188e-01 5.462742531814819280e-01
-6.971406376712785402e-02 5.586085097909945230e-01
-2.872493623287297737e-02 5.655937881031872783e-01
1.226419130138189928e-02 5.670219617209412144e-01
5.325331883563677593e-02 5.629426240833166339e-01
9.424244636989165258e-02 5.537249124141313539e-01
1.352315739041474174e-01 5.399041407951998828e-01
1.762207014384022941e-01 5.219476215042592182e-01
2.172098289726571707e-01 5.001518576671623029e-01
2.581989565069120474e-01 4.747413015836197125e-01
2.991880840411669240e-01 4.460506595797417706e-01
3.401772115754218007e-01 4.146211454578308531e-01
3.811663391096775655e-01 3.811373836613985433e-01
4.221554666439324421e-01 3.462837602948967142e-01
4.631445941781873188e-01 3.106733740901712060e-01
5.041337217124421954e-01 2.749080386932872822e-01
5.451228492466970721e-01 2.396741458789138079e-01
5.861119767809528369e-01 2.057588454950634860e-01
6.271011043152077136e-01 1.739722285389647127e-01
6.680902318494625902e-01 1.450299356234161507e-01
7.090793593837174669e-01 1.194426448691760512e-01
7.500684869179723435e-01 9.744412954102607549e-02
7.910576144522272202e-01 7.899066587243323834e-02
8.320467419864829850e-01 6.383139513382408980e-02
8.730358695207378616e-01 5.159434165594469629e-02
9.140249970549927383e-01 4.184250749336828473e-02
9.550141245892476149e-01 3.411823909931983173e-02
9.960032521235024916e-01 2.800375971348944767e-02
1.036992379657758256e+00 2.317212688390427391e-02
1.077981507192013133e+00 1.938881557186705393e-02
1.118970634726268010e+00 1.647779410474950468e-02
1.159959762260522886e+00 1.429740818419571353e-02
1.200948889794777763e+00 1.273318041694801450e-02
1.241938017329033528e+00 1.168031960412987784e-02
1.282927144863288405e+00 1.101611676417879084e-02
1.323916272397543281e+00 1.059358701747351028e-02
1.364905399931798158e+00 1.026614111701129768e-02
1.405894527466053034e+00 9.919234455223829849e-03
1.446883655000308799e+00 9.487802663151341173e-03
1.487872782534563676e+00 8.960545605319803278e-03
1.528861910068818553e+00 8.376712061805173526e-03
1.569851037603073429e+00 7.808092057937395317e-03
1.610840165137328306e+00 7.320964635446357109e-03
1.651829292671583183e+00 6.938580890033662837e-03
1.692818420205838947e+00 6.636236745471456484e-03
1.733807547740093824e+00 6.375453928666722191e-03
1.774796675274348701e+00 6.150484900028507784e-03
1.815785802808603577e+00 6.013639692201843030e-03
1.856774930342858454e+00 6.068618073245341665e-03
1.897764057877114219e+00 6.446323219988133076e-03
1.938753185411369095e+00 7.280086983648183588e-03
1.979742312945623972e+00 8.696243857867975643e-03
2.020731440479878849e+00 1.085145580919471067e-02
2.061720568014133725e+00 1.403104784689967674e-02
2.102709695548388602e+00 1.875377411792346696e-02
2.143698823082644367e+00 2.580702357862702315e-02
2.184687950616899244e+00 3.620789103631528311e-02
2.225677078151154120e+00 5.113462195665327559e-02
2.266666205685408997e+00 7.182835386613443951e-02
2.307655333219663873e+00 9.940907438860152601e-02
2.348644460753919638e+00 1.345551891844669334e-01
2.389633588288174515e+00 1.770529382211399050e-01
2.430622715822429392e+00 2.253211770609834519e-01
2.471611843356684268e+00 2.761267146727517385e-01
2.512600970890939145e+00 3.247160720262423639e-01
2.553590098425194910e+00 3.654557231970325115e-01
2.594579225959449786e+00 3.929013154214198167e-01
2.635568353493704663e+00 4.030698266818926734e-01
2.676557481027959540e+00 3.945171184321277780e-01
2.717546608562214416e+00 3.687365631256774301e-01
2.758535736096470181e+00 3.296449575417340072e-01
2.799524863630725058e+00 2.824183792990335173e-01
2.840513991164979934e+00 2.322334124086671558e-01
2.881503118699234811e+00 1.833683330059645844e-01
2.922492246233489688e+00 1.388370586254160655e-01
2.963481373767744564e+00 1.004628285500552692e-01
3.004470501302000329e+00 6.913150694899294901e-02
3.045459628836255206e+00 4.499016690137476460e-02
3.086448756370510083e+00 2.755169139127926214e-02
3.127437883904764959e+00 1.581820175816327223e-02
3.168427011439019836e+00 8.500012190346755217e-03
3.209416138973275601e+00 4.281410380539255739e-03
3.250405266507530477e+00 2.034140174157312089e-03
3.291394394041785354e+00 9.232385980195062557e-04
3.332383521576040231e+00 4.095033716983454688e-04
3.373372649110295107e+00 1.859041235205662263e-04
3.414361776644549984e+00 9.447375210747975863e-05
3.455350904178805749e+00 5.909956948979683662e-05
3.496340031713060625e+00 4.516757696380954977e-05
3.537329159247315502e+00 3.847586227864669876e-05
3.578318286781570379e+00 3.381788379215429965e-05
3.619307414315825255e+00 2.920325178459823141e-05
3.660296541850081020e+00 2.395823976543060672e-05
3.701285669384335897e+00 1.834277958348226340e-05
3.742274796918590773e+00 1.303619798509280475e-05
3.783263924452845650e+00 8.548743282517235671e-06
3.824253051987100527e+00 5.074671071750798648e-06
3.865242179521356292e+00 2.641519228136487406e-06
3.906231307055610280e+00 1.165342886900731042e-06
3.947220434589865157e+00 4.238206539910509209e-07
3.988209562124121810e+00 1.246599833077601012e-07
4.029198689658377575e+00 2.929660551521453074e-08
