-4.520120647949017467e+00 1.158201840836965000e-08
-4.474428832391740940e+00 4.950771701288336597e-08
-4.428737016834464413e+00 1.695088924914992764e-07
-4.383045201277187886e+00 4.679420106296058685e-07
-4.337353385719911358e+00 1.052079750957101571e-06
-4.291661570162634831e+00 1.960631706255227063e-06
-4.245969754605358304e+00 3.131378362091178716e-06
-4.200277939048081777e+00 4.552698490532951303e-06
-4.154586123490805250e+00 6.536865144168915121e-06
-4.108894307933528722e+00 9.742791539280017270e-06
-4.063202492376252195e+00 1.463544690681974090e-05
-4.017510676818975668e+00 2.070397939670979805e-05
-3.971818861261698697e+00 2.635330702200998145e-05
-3.926127045704422169e+00 3.006682805202453131e-05
-3.880435230147145642e+00 3.259683899260249471e-05
-3.834743414589869115e+00 4.067509241953505729e-05
-3.789051599032592588e+00 7.690844210219708514e-05
-3.743359783475316060e+00 2.076946108337022708e-04
-3.697667967918039089e+00 6.085800628426704705e-04
-3.651976152360762562e+00 1.689000825331679698e-03
-3.606284336803486035e+00 4.284325637270081609e-03
-3.560592521246209508e+00 9.879292355069752701e-03
-3.514900705688932980e+00 2.075865907473085567e-02
-3.469208890131656453e+00 3.993272359517952008e-02
-3.423517074574379926e+00 7.072031047378875279e-02
-3.377825259017103399e+00 1.160006290698349651e-01
-3.332133443459826871e+00 1.772772879439836746e-01
-3.286441627902550344e+00 2.536962281964398325e-01
-3.240749812345273817e+00 3.410406852945132572e-01
-3.195057996787997290e+00 4.308458284139790040e-01
-3.149366181230720763e+00 5.104186308657222559e-01
-3.103674365673444235e+00 5.650056467670249161e-01
-3.057982550116167708e+00 5.823422580914776603e-01
-3.012290734558891181e+00 5.576387568606612222e-01
-2.966598919001614654e+00 4.959645890807958257e-01
-2.920907103444338127e+00 4.104139971202732662e-01
-2.875215287887061155e+00 3.171492393086327577e-01
-2.829523472329784628e+00 2.301202064547434312e-01
-2.783831656772508101e+00 1.578949171204790947e-01
-2.738139841215231574e+00 1.033158377923576454e-01
-2.692448025657955046e+00 6.509920460007692644e-02
-2.646756210100678519e+00 3.996622439916426572e-02
-2.601064394543401548e+00 2.432519887612511270e-02
-2.555372578986125021e+00 1.522514412022202453e-02
-2.509680763428848937e+00 1.074325861264787893e-02
-2.463988947871571966e+00 1.003946809606696793e-02
-2.418297132314295439e+00 1.316604768702911259e-02
-2.372605316757018912e+00 2.056960236411856796e-02
-2.326913501199742385e+00 3.223159544020340328e-02
-2.281221685642465857e+00 4.666766798079460821e-02
-2.235529870085189330e+00 6.047066881639434621e-02
-2.189838054527912803e+00 6.920129508598699131e-02
-2.144146238970636276e+00 6.954893570607104114e-02
-2.098454423413359748e+00 6.130775264998474666e-02
-2.052762607856083221e+00 4.752150422848856054e-02
-2.007070792298806694e+00 3.267595427972498634e-02
-1.961378976741530167e+00 2.040104826978835287e-02
-1.915687161184253640e+00 1.221852634082529199e-02
-1.869995345626976668e+00 7.753825401363346852e-03
-1.824303530069700141e+00 5.765125900846322302e-03
-1.778611714512423614e+00 5.078962385505328414e-03
-1.732919898955147087e+00 4.976453068765583111e-03
-1.687228083397870559e+00 5.139652601591570592e-03
-1.641536267840594032e+00 5.464463794850969898e-03
-1.595844452283317505e+00 5.921817608863145024e-03
-1.550152636726040978e+00 6.493702257313526023e-03
-1.504460821168764451e+00 7.156490945242738842e-03
-1.458769005611487923e+00 7.887812471475028411e-03
-1.413077190054211396e+00 8.681205964935861247e-03
-1.367385374496934869e+00 9.556211309433572734e-03
-1.321693558939658342e+00 1.055704219260738402e-02
-1.276001743382381370e+00 1.174294222883751765e-02
-1.230309927825104843e+00 1.318083045272611629e-02
-1.184618112267828316e+00 1.494651332075333343e-02
-1.138926296710551789e+00 1.713169063783747531e-02
-1.093234481153275262e+00 1.985435688849952404e-02
-1.047542665595998734e+00 2.327505249212568489e-02
-1.001850850038722207e+00 2.761842488717028768e-02
-9.561590344814456799e-01 3.319049168631953844e-02
-9.104672189241691527e-01 4.037606419488321691e-02
-8.647754033668926255e-01 4.960534601443646746e-02
-8.190835878096160982e-01 6.129306090724366551e-02
-7.733917722523395710e-01 7.576514880398610430e-02
-7.276999566950630438e-01 9.318898530624238064e-02
-6.820081411377860725e-01 1.135202038589303852e-01
-6.363163255805095453e-01 1.364812350945691088e-01
-5.906245100232330181e-01 1.615881810194804147e-01
-5.449326944659564909e-01 1.882260474652927285e-01
-4.992408789086804077e-01 2.157393406019555981e-01
-4.535490633514038805e-01 2.434948049759294297e-01
-4.078572477941264651e-01 2.709057301918376681e-01
-3.621654322368499379e-01 2.974344301806519653e-01
-3.164736166795734107e-01 3.225773349326275796e-01
-2.707818011222968835e-01 3.458366070824824279e-01
-2.250899855650203563e-01 3.667110923888834972e-01
-1.793981700077438290e-01 3.847233184827386077e-01
-1.337063544504673018e-01 3.994427148361106017e-01
-8.801453889319077462e-02 4.104738732039979743e-01
-4.232272333591424740e-02 4.174453020158188088e-01
3.369092221362279815e-03 4.200469184504536657e-01
4.906090777863880703e-02 4.181067906938414902e-01
9.475272333591533425e-02 4.116475093142812347e-01
1.404445388931918615e-01 4.008748848878977422e-01
1.861363544504683887e-01 3.861183881839044818e-01
2.318281700077449159e-01 3.677902169125112919e-01
2.775199855650214431e-01 3.463857870068732248e-01
3.232118011222979703e-01 3.224704677929735031e-01
3.689036166795744975e-01 2.966173950983715391e-01
4.145954322368510248e-01 2.693573751248841686e-01
4.602872477941275520e-01 2.412146297515281868e-01
5.059790633514040792e-01 2.127989163140557860e-01
5.516708789086806064e-01 1.848459101345377997e-01
5.973626944659571336e-01 1.581434149624017238e-01
6.430545100232336608e-01 1.333917834963027071e-01
6.887463255805101880e-01 1.110955446806257269e-01
7.344381411377867153e-01 9.153410208449887231e-02
7.801299566950641307e-01 7.479286247137402477e-02
8.258217722523406579e-01 6.081251154929503272e-02
8.715135878096171851e-01 4.942294518378648194e-02
9.172054033668937123e-01 4.035530920366228735e-02
9.628972189241702395e-01 3.325526281868738249e-02
1.008589034481446767e+00 2.772319667755197836e-02
1.054280850038723294e+00 2.337968063816825079e-02
1.099972665595999821e+00 1.992535856258897259e-02
1.145664481153276348e+00 1.716003111860859090e-02
1.191356296710552876e+00 1.495399997975553619e-02
1.237048112267829403e+00 1.320378759590166984e-02
1.282739927825105930e+00 1.181051442861597370e-02
1.328431743382382457e+00 1.068440310852529669e-02
1.374123558939658984e+00 9.751058908619372398e-03
1.419815374496935512e+00 8.947600459374961679e-03
1.465507190054212039e+00 8.220271055330432425e-03
1.511199005611488566e+00 7.533331535148419383e-03
1.556890821168765093e+00 6.880651731788697996e-03
1.602582636726041621e+00 6.284802217316858876e-03
1.648274452283318148e+00 5.781757363608589634e-03
1.693966267840594675e+00 5.406980723503776454e-03
1.739658083397871202e+00 5.206397718427892458e-03
1.785349898955147729e+00 5.301493579685381298e-03
1.831041714512424257e+00 6.035927236529185086e-03
1.876733530069700784e+00 8.160725736061547400e-03
1.922425345626978199e+00 1.284839542983584257e-02
1.968117161184254726e+00 2.123313575752662843e-02
2.013808976741531254e+00 3.344001135736723168e-02
2.059500792298807781e+00 4.765505326835677707e-02
2.105192607856084308e+00 6.014614463620385904e-02
2.150884423413360835e+00 6.671289850855385839e-02
2.196576238970637363e+00 6.492067961489457473e-02
2.242268054527913890e+00 5.555345489216290122e-02
2.287959870085190417e+00 4.209869157004441503e-02
2.333651685642466944e+00 2.870866514360206900e-02
2.379343501199743471e+00 1.830144582836073369e-02
2.425035316757019999e+00 1.198389264673202850e-02
2.470727132314296526e+00 9.642361283487457801e-03
2.516418947871573053e+00 1.088898383526464356e-02
2.562110763428849580e+00 1.579645013922882993e-02
2.607802578986126107e+00 2.530007760458748492e-02
2.653494394543402635e+00 4.134590265077689453e-02
2.699186210100679162e+00 6.681391814530854290e-02
2.744878025657955689e+00 1.050977135803604634e-01
2.790569841215232216e+00 1.591296422903609731e-01
2.836261656772508744e+00 2.297366297499837673e-01
2.881953472329785271e+00 3.136219914263515540e-01
2.927645287887061798e+00 4.019430037347219153e-01
2.973337103444338325e+00 4.808758963676662002e-01
3.019028919001614852e+00 5.349812006106360318e-01
3.064720734558891380e+00 5.524963159473520458e-01
3.110412550116168795e+00 5.299558798394987669e-01
3.156104365673445322e+00 4.733802790342157008e-01
3.201796181230721849e+00 3.953113884326045491e-01
3.247487996787998377e+00 3.097682374807358974e-01
3.293179812345274904e+00 2.281960925179212785e-01
3.338871627902551431e+00 1.578924622676617651e-01
3.384563443459827958e+00 1.022614694577166777e-01
3.430255259017104486e+00 6.168420677257691748e-02
3.475947074574381013e+00 3.445515439635814248e-02
3.521638890131656652e+00 1.772325529387881043e-02
3.567330705688933179e+00 8.363201747527710533e-03
3.613022521246209706e+00 3.625752118434538533e-03
3.658714336803486233e+00 1.470516132886809466e-03
3.704406152360764537e+00 5.978249076863054049e-04
3.750097967918041064e+00 2.900451509118745280e-04
3.795789783475317591e+00 1.995627813626201386e-04
3.841481599032594119e+00 1.766792658178062772e-04
3.887173414589870646e+00 1.642583043233213969e-04
3.932865230147147173e+00 1.447847556591862542e-04
3.978557045704423700e+00 1.170142917764571228e-04
4.024248861261700227e+00 8.594013678671201008e-05
4.069940676818976755e+00 5.751806374858056583e-05
4.115632492376253282e+00 3.544472562104018424e-05
4.161324307933529809e+00 2.032315932535352384e-05
4.207016123490806336e+00 1.087977695274415469e-05
4.252707939048082864e+00 5.442000285569160216e-06
4.298399754605359391e+00 2.574371409771543060e-06
4.344091570162635918e+00 1.179566858455749205e-06
4.389783385719912445e+00 5.262900332889202883e-07
4.435475201277188972e+00 2.199366013139280668e-07
4.481167016834465500e+00 8.089406418919292524e-08
4.526858832391742027e+00 2.486538652010481712e-08
4.572550647949017666e+00 6.190082700428708917e-09
