-5.103544448891391916e+00 1.238145888023370290e-03
-4.730644504681428053e+00 2.333340512085035120e-03
-4.357744560471464190e+00 4.191073682369227983e-03
-3.984844616261500327e+00 7.174887104798584325e-03
-3.611944672051536465e+00 1.170710818868201178e-02
-3.239044727841572602e+00 1.820672207450029986e-02
-2.866144783631609183e+00 2.698764968173847020e-02
-2.493244839421645320e+00 3.812889696901261560e-02
-2.120344895211681457e+00 5.134587164858578356e-02
-1.747444951001717595e+00 6.590635752869206110e-02
-1.374545006791753732e+00 8.063637752475728837e-02
-1.001645062581790313e+00 9.404429939964255303e-02
-6.287451183718264502e-01 1.045572261643236828e-01
-2.558451741618625874e-01 1.108224700494946507e-01
1.170547700481012754e-01 1.119955427362074457e-01
4.899547142580651382e-01 1.079301706364237112e-01
8.628546584680290010e-01 9.921126017811368603e-02
1.235754602677992864e+00 8.702042435903506457e-02
1.608654546887956727e+00 7.287653043102677863e-02
1.981554491097920589e+00 5.832962096394683771e-02
2.354454435307884452e+00 4.469252594065472456e-02
2.727354379517848315e+00 3.287130067480700107e-02
3.100254323727811290e+00 2.331607428639856372e-02
3.473154267937775153e+00 1.607533365749417784e-02
3.846054212147739015e+00 1.091260115264768536e-02
4.218954156357702878e+00 7.439587043821261833e-03
4.591854100567666741e+00 5.230350400517511447e-03
4.964754044777630604e+00 3.898398923313494205e-03
5.337653988987594467e+00 3.134892558024388216e-03
5.710553933197558329e+00 2.716449886085291632e-03
6.083453877407522192e+00 2.494671224231821867e-03
6.456353821617486055e+00 2.378205374504441770e-03
6.829253765827449918e+00 2.314640462208655651e-03
7.202153710037413781e+00 2.275827562875856833e-03
7.575053654247377644e+00 2.247565125745639575e-03
7.947953598457341506e+00 2.223109459538792458e-03
8.320853542667304481e+00 2.199462867432045582e-03
8.693753486877270120e+00 2.175424141988274458e-03
9.066653431087232207e+00 2.150637249045064033e-03
9.439553375297197846e+00 2.125148469694612945e-03
9.812453319507159932e+00 2.099197569488409250e-03
1.018535326371712557e+01 2.073108792886162264e-03
1.055825320792708766e+01 2.047225591336339443e-03
1.093115315213705330e+01 2.021869201822701270e-03
1.130405309634701538e+01 1.997313763157636604e-03
1.167695304055698102e+01 1.973773032836204089e-03
1.204985298476694311e+01 1.951394070731783670e-03
1.242275292897690875e+01 1.930254869498106932e-03
1.279565287318687083e+01 1.910365715450099578e-03
1.316855281739683647e+01 1.891676287518039663e-03
1.354145276160679856e+01 1.874090572722400668e-03
1.391435270581676420e+01 1.857489355409959854e-03
1.428725265002672629e+01 1.841756552210566285e-03
1.466015259423669193e+01 1.826802910652787319e-03
1.503305253844665401e+01 1.812580102406098192e-03
1.540595248265661965e+01 1.799080456800212884e-03
1.577885242686658174e+01 1.786321736036294849e-03
1.615175237107654738e+01 1.774320928130226340e-03
1.652465231528650946e+01 1.763064404030999796e-03
1.689755225949647510e+01 1.752482819748079615e-03
1.727045220370643719e+01 1.742437561148834756e-03
1.764335214791640283e+01 1.732721977128454105e-03
1.801625209212636491e+01 1.723076482538229027e-03
1.838915203633633055e+01 1.713213396655410446e-03
1.876205198054629264e+01 1.702846223306963246e-03
1.913495192475625473e+01 1.691719087561218207e-03
1.950785186896622037e+01 1.679634227970556440e-03
1.988075181317618245e+01 1.666477172812752365e-03
2.025365175738614809e+01 1.652239121840802429e-03
2.062655170159611018e+01 1.637033841454017119e-03
2.099945164580607582e+01 1.621103252338879433e-03
2.137235159001603790e+01 1.604804067777880787e-03
2.174525153422600354e+01 1.588569488644438676e-03
2.211815147843596563e+01 1.572845902485252561e-03
2.249105142264593127e+01 1.558013451210195528e-03
2.286395136685589335e+01 1.544307940833905546e-03
2.323685131106585899e+01 1.531765862283786294e-03
2.360975125527582108e+01 1.520211398290037715e-03
2.398265119948578672e+01 1.509294040186331910e-03
2.435555114369574881e+01 1.498570823104480474e-03
2.472845108790571445e+01 1.487613331424326611e-03
2.510135103211567653e+01 1.476111673617852256e-03
2.547425097632564217e+01 1.463948548249157083e-03
2.584715092053560426e+01 1.451225878536520873e-03
2.622005086474556990e+01 1.438240693516518219e-03
2.659295080895553198e+01 1.425420824844606188e-03
2.696585075316549762e+01 1.413239967646238689e-03
2.733875069737545971e+01 1.402133401174946630e-03
2.771165064158542179e+01 1.392430812667067377e-03
2.808455058579539099e+01 1.384314234343910150e-03
2.845745053000535307e+01 1.377801003076514850e-03
2.883035047421531516e+01 1.372746936580921534e-03
2.920325041842527725e+01 1.368864507443206613e-03
2.957615036263524644e+01 1.365753254322656833e-03
2.994905030684520852e+01 1.362942160663215821e-03
3.032195025105517061e+01 1.359943676867194631e-03
3.069485019526513270e+01 1.356315672914537107e-03
3.106775013947509478e+01 1.351722435818064659e-03
3.144065008368506398e+01 1.345981972689627411e-03
3.181355002789502606e+01 1.339087251970165959e-03
3.218644997210498815e+01 1.331194579811096658e-03
3.255934991631495024e+01 1.322581364453092895e-03
3.293224986052491943e+01 1.313584441340406297e-03
3.330514980473488151e+01 1.304535182914877368e-03
3.367804974894484360e+01 1.295706845436250289e-03
3.405094969315480569e+01 1.287283743056372685e-03
3.442384963736477488e+01 1.279353788812272229e-03
3.479674958157473696e+01 1.271919206317676096e-03
3.516964952578469905e+01 1.264917193113803111e-03
3.554254946999466114e+01 1.258243346520490072e-03
3.591544941420463033e+01 1.251774190191955270e-03
3.628834935841459242e+01 1.245388734768599313e-03
3.666124930262455450e+01 1.238990612500875683e-03
3.703414924683451659e+01 1.232531147760083934e-03
3.740704919104448578e+01 1.226030469043955500e-03
3.777994913525444787e+01 1.219590264504350711e-03
3.815284907946440995e+01 1.213390203188256106e-03
3.852574902367437204e+01 1.207661972865062879e-03
3.889864896788434123e+01 1.202640549814546801e-03
3.927154891209430332e+01 1.198500264160148312e-03
3.964444885630426541e+01 1.195290664947622249e-03
4.001734880051422749e+01 1.192890974160114390e-03
4.039024874472419668e+01 1.190999838153772826e-03
4.076314868893415877e+01 1.189168928134048996e-03
4.113604863314412086e+01 1.186876817294784054e-03
4.150894857735408294e+01 1.183627276211066419e-03
4.188184852156405213e+01 1.179047835191820775e-03
4.225474846577401422e+01 1.172963140962112816e-03
4.262764840998397631e+01 1.165423984365880758e-03
4.300054835419393839e+01 1.156685047794717147e-03
4.337344829840390048e+01 1.147138657737313203e-03
4.374634824261386967e+01 1.137223740349747143e-03
4.411924818682383176e+01 1.127335200038229830e-03
4.449214813103379385e+01 1.117757454730458188e-03
4.486504807524375593e+01 1.108637629800833437e-03
4.523794801945372512e+01 1.100001707577978821e-03
4.561084796366368721e+01 1.091804535022421804e-03
4.598374790787364930e+01 1.083995570162991830e-03
4.635664785208361138e+01 1.076578904253141676e-03
4.672954779629358057e+01 1.069648951763221703e-03
4.710244774050354266e+01 1.063391038617710711e-03
4.747534768471350475e+01 1.058046491447986459e-03
4.784824762892346683e+01 1.053851798131548011e-03
4.822114757313343603e+01 1.050968327981252831e-03
4.859404751734339811e+01 1.049421286925634545e-03
4.896694746155336020e+01 1.049063734021262210e-03
4.933984740576332229e+01 1.049574710335721616e-03
4.971274734997329148e+01 1.050491964759463258e-03
5.008564729418325356e+01 1.051271846941113702e-03
5.045854723839321565e+01 1.051363636904301905e-03
5.083144718260317774e+01 1.050283824670642917e-03
5.120434712681314693e+01 1.047677435998785149e-03
5.157724707102310902e+01 1.043357402268485848e-03
5.195014701523307110e+01 1.037317887041859944e-03
5.232304695944303319e+01 1.029722264942462993e-03
5.269594690365300238e+01 1.020870333919742228e-03
5.306884684786296447e+01 1.011151912919547096e-03
5.344174679207292655e+01 1.000995083381488963e-03
5.381464673628288864e+01 9.908170592525732904e-04
5.418754668049285783e+01 9.809844388424682898e-04
5.456044662470281992e+01 9.717883416498180422e-04
5.493334656891278200e+01 9.634403785705670164e-04
5.530624651312274409e+01 9.561005201816493663e-04
5.567914645733270618e+01 9.499629486151878622e-04
5.605204640154267537e+01 9.454599946262449203e-04
5.642494634575263746e+01 9.437117009061608743e-04
5.679784628996259954e+01 9.474681505161270442e-04
5.717074623417256163e+01 9.629783524413282596e-04
5.754364617838253082e+01 1.003463191165175064e-03
5.791654612259249291e+01 1.095099079318903644e-03
5.828944606680245499e+01 1.286456387383135176e-03
5.866234601101241708e+01 1.661879282020595032e-03
5.903524595522238627e+01 2.357968707775637794e-03
5.940814589943234836e+01 3.579887451690199479e-03
5.978104584364231044e+01 5.610850717524588915e-03
6.015394578785227253e+01 8.804918752062922474e-03
6.052684573206223462e+01 1.355202394781535036e-02
6.089974567627219670e+01 2.020746218290026680e-02
6.127264562048217300e+01 2.898751991692662816e-02
6.164554556469213509e+01 3.984774606572809297e-02
6.201844550890209717e+01 5.237627955384389217e-02
6.239134545311205926e+01 6.574420018067246574e-02
6.276424539732202135e+01 7.875041760839683602e-02
6.313714534153198343e+01 8.997662406170013616e-02
6.351004528574194552e+01 9.803260128005496232e-02
6.388294522995190761e+01 1.018360284639100583e-01
6.425584517416187680e+01 1.008497445487244459e-01
6.462874511837183888e+01 9.520485417373447667e-02
6.500164506258180097e+01 8.567084734390620349e-02
6.537454500679176306e+01 7.348218217732067903e-02
6.574744495100172514e+01 6.007526744269571506e-02
6.612034489521168723e+01 4.681301962740576361e-02
6.649324483942164932e+01 3.476878064006900387e-02
6.686614478363161140e+01 2.461274792755129351e-02
6.723904472784157349e+01 1.660640222231509616e-02
6.761194467205154979e+01 1.067907123191374173e-02
6.798484461626151187e+01 6.545338224014194718e-03
6.835774456047147396e+01 3.823578107287102599e-03
6.873064450468143605e+01 2.128854489014501104e-03
6.910354444889139813e+01 1.129689843431610054e-03
