-4.391087225960242257e+00 2.020375144575931557e-03
-4.025347655850088913e+00 4.144469890901310641e-03
-3.659608085739935568e+00 7.987267608794425613e-03
-3.293868515629782667e+00 1.446178329057383298e-02
-2.928128945519629323e+00 2.460042249399937986e-02
-2.562389375409475978e+00 3.931551870646577546e-02
-2.196649805299323077e+00 5.903248402024158931e-02
-1.830910235189169732e+00 8.327801828996986289e-02
-1.465170665079016388e+00 1.103802246957578254e-01
-1.099431094968863043e+00 1.374633536770109299e-01
-7.336915248587096983e-01 1.608557260024078839e-01
-3.679519547485563535e-01 1.768758312064094840e-01
-2.212384638403896986e-03 1.827789327257265395e-01
3.635271854717494477e-01 1.775321810271780487e-01
7.292667555819027925e-01 1.621175215228545241e-01
1.095006325692056137e+00 1.392400735891092534e-01
1.460745895802209482e+00 1.125603826339512947e-01
1.826485465912362827e+00 8.574914671772704278e-02
2.192225036022516171e+00 6.169689702941082154e-02
2.557964606132669516e+00 4.209878498677945696e-02
2.923704176242822861e+00 2.745252095247753196e-02
3.289443746352975317e+00 1.735312408754459759e-02
3.655183316463129550e+00 1.090250114708623055e-02
4.020922886573282007e+00 7.076484132480525754e-03
4.386662456683434463e+00 4.965776036510318077e-03
4.752402026793588696e+00 3.881645387150863425e-03
5.118141596903741153e+00 3.362533320623554631e-03
5.483881167013895386e+00 3.129600108936854506e-03
5.849620737124047842e+00 3.029280471925739019e-03
6.215360307234202075e+00 2.983914408070449664e-03
6.581099877344354532e+00 2.957310856818532244e-03
6.946839447454508765e+00 2.934024069102366978e-03
7.312579017564661221e+00 2.908280869699676925e-03
7.678318587674813678e+00 2.878614003300954821e-03
8.044058157784967023e+00 2.845422331413355321e-03
8.409797727895121255e+00 2.809853172472395483e-03
8.775537298005275488e+00 2.773231567405894538e-03
9.141276868115426169e+00 2.736736598325259159e-03
9.507016438225580401e+00 2.701242706614250585e-03
9.872756008335734634e+00 2.667304259251932971e-03
1.023849557844588887e+01 2.635245597954532278e-03
1.060423514855603955e+01 2.605288679558981878e-03
1.096997471866619378e+01 2.577645347759066272e-03
1.133571428877634801e+01 2.552531246124712435e-03
1.170145385888650225e+01 2.530107011972677813e-03
1.206719342899665293e+01 2.510391886727549298e-03
1.243293299910680716e+01 2.493205078051152854e-03
1.279867256921696139e+01 2.478169865387265004e-03
1.316441213932711207e+01 2.464779973847730597e-03
1.353015170943726631e+01 2.452497722941573022e-03
1.389589127954742054e+01 2.440842684142423193e-03
1.426163084965757477e+01 2.429439654807877009e-03
1.462737041976772545e+01 2.418017184177241336e-03
1.499310998987787968e+01 2.406370411973287639e-03
1.535884955998803392e+01 2.394314890273815857e-03
1.572458913009818815e+01 2.381657753416748825e-03
1.609032870020833883e+01 2.368201676307323846e-03
1.645606827031849306e+01 2.353781743795340959e-03
1.682180784042864730e+01 2.338322001793580358e-03
1.718754741053879798e+01 2.321891038723036035e-03
1.755328698064895221e+01 2.304735515110767439e-03
1.791902655075910644e+01 2.287276332822524728e-03
1.828476612086926067e+01 2.270062587947979139e-03
1.865050569097941136e+01 2.253691355824557693e-03
1.901624526108956559e+01 2.238713167616611811e-03
1.938198483119971982e+01 2.225549139583942772e-03
1.974772440130987050e+01 2.214442443659078285e-03
2.011346397142002473e+01 2.205454214146899353e-03
2.047920354153017897e+01 2.198497024065845015e-03
2.084494311164033320e+01 2.193385622341590541e-03
2.121068268175048388e+01 2.189881227493480510e-03
2.157642225186063811e+01 2.187713643873417674e-03
2.194216182197079235e+01 2.186580130452678208e-03
2.230790139208094303e+01 2.186133431635008811e-03
2.267364096219109726e+01 2.185977067469015590e-03
2.303938053230125149e+01 2.185681871755253136e-03
2.340512010241140572e+01 2.184826833751072912e-03
2.377085967252155640e+01 2.183055184322127591e-03
2.413659924263171064e+01 2.180128566390075393e-03
2.450233881274186487e+01 2.175960792070685303e-03
2.486807838285201910e+01 2.170618144142164811e-03
2.523381795296216978e+01 2.164283418431051445e-03
2.559955752307232402e+01 2.157192558109215143e-03
2.596529709318247825e+01 2.149561694032811176e-03
2.633103666329262893e+01 2.141525052599703698e-03
2.669677623340278316e+01 2.133099265140060360e-03
2.706251580351293740e+01 2.124179492492412214e-03
2.742825537362309163e+01 2.114562558312468692e-03
2.779399494373324586e+01 2.103986657379779048e-03
2.815973451384339654e+01 2.092177403459444425e-03
2.852547408395354722e+01 2.078893378989344742e-03
2.889121365406370501e+01 2.063967081443076560e-03
2.925695322417385569e+01 2.047337339500247995e-03
2.962269279428400637e+01 2.029067969153696381e-03
2.998843236439416415e+01 2.009347040324602467e-03
3.035417193450431483e+01 1.988463195071644377e-03
3.071991150461446551e+01 1.966760178120379680e-03
3.108565107472462330e+01 1.944577535231616474e-03
3.145139064483477398e+01 1.922192948376507836e-03
3.181713021494493177e+01 1.899786682721462576e-03
3.218286978505508245e+01 1.877446093458864842e-03
3.254860935516523313e+01 1.855214599863896398e-03
3.291434892527539091e+01 1.833168034060739075e-03
3.328008849538554159e+01 1.811482871543833740e-03
3.364582806549569227e+01 1.790458876953714704e-03
3.401156763560585006e+01 1.770478549685869114e-03
3.437730720571600074e+01 1.751918436504076469e-03
3.474304677582615142e+01 1.735053461190759049e-03
3.510878634593630920e+01 1.719997922285771644e-03
3.547452591604645988e+01 1.706703688450578399e-03
3.584026548615661767e+01 1.695002553959601204e-03
3.620600505626676835e+01 1.684657877602616658e-03
3.657174462637691903e+01 1.675394181112616196e-03
3.693748419648707682e+01 1.666897976834143822e-03
3.730322376659722750e+01 1.658809807936329622e-03
3.766896333670737818e+01 1.650736722647693075e-03
3.803470290681753596e+01 1.642300035558834489e-03
3.840044247692768664e+01 1.633206544807661769e-03
3.876618204703783732e+01 1.623312099438088425e-03
3.913192161714799511e+01 1.612647866728813108e-03
3.949766118725814579e+01 1.601399467851550131e-03
3.986340075736829647e+01 1.589852259176950406e-03
4.022914032747845425e+01 1.578326829199259941e-03
4.059487989758860493e+01 1.567122590022363435e-03
4.096061946769876272e+01 1.556472650665614420e-03
4.132635903780891340e+01 1.546503720479953329e-03
4.169209860791906408e+01 1.537198434361539611e-03
4.205783817802922187e+01 1.528370270486856470e-03
4.242357774813937255e+01 1.519670942393891314e-03
4.278931731824952323e+01 1.510646069506708152e-03
4.315505688835968101e+01 1.500836215773340785e-03
4.352079645846983169e+01 1.489896953491337203e-03
4.388653602857998237e+01 1.477697310302924019e-03
4.425227559869014016e+01 1.464359497170357113e-03
4.461801516880029084e+01 1.450222945611305114e-03
4.498375473891044862e+01 1.435743138268049963e-03
4.534949430902059930e+01 1.421359129368525301e-03
4.571523387913074998e+01 1.407374731395359289e-03
4.608097344924090777e+01 1.393893873165895922e-03
4.644671301935105845e+01 1.380832164351906022e-03
4.681245258946120913e+01 1.367999857443604134e-03
4.717819215957136691e+01 1.355225077115683246e-03
4.754393172968151760e+01 1.342470391018679796e-03
4.790967129979166828e+01 1.329897610614334509e-03
4.827541086990182606e+01 1.317855269477573440e-03
4.864115044001197674e+01 1.306792688718660857e-03
4.900689001012212742e+01 1.297131512780597259e-03
4.937262958023228521e+01 1.289139281673215912e-03
4.973836915034243589e+01 1.282845909663472058e-03
5.010410872045259367e+01 1.278026620375435950e-03
5.046984829056274435e+01 1.274252471460631843e-03
5.083558786067289503e+01 1.270990527627249671e-03
5.120132743078305282e+01 1.267724812842524864e-03
5.156706700089320350e+01 1.264067001636510167e-03
5.193280657100335418e+01 1.259830625751568378e-03
5.229854614111351196e+01 1.255052330359308259e-03
5.266428571122366264e+01 1.249956752638088989e-03
5.303002528133381333e+01 1.244875798688844116e-03
5.339576485144397111e+01 1.240145026009730400e-03
5.376150442155412179e+01 1.236005375251050375e-03
5.412724399166427958e+01 1.232535046864476807e-03
5.449298356177443026e+01 1.229625017402610635e-03
5.485872313188458094e+01 1.226997560709139996e-03
5.522446270199473872e+01 1.224256512205091447e-03
5.559020227210488940e+01 1.220954819351256120e-03
5.595594184221504008e+01 1.216668723870045462e-03
5.632168141232519787e+01 1.211075983899101991e-03
5.668742098243534855e+01 1.204048633300133352e-03
5.705316055254549923e+01 1.195799840079474078e-03
5.741890012265565701e+01 1.187194594117779419e-03
5.778463969276580769e+01 1.180482429415663894e-03
5.815037926287595837e+01 1.180972616721124007e-03
5.851611883298611616e+01 1.200544660954152524e-03
5.888185840309626684e+01 1.264252396596301804e-03
5.924759797320642463e+01 1.421305343968524114e-03
5.961333754331656820e+01 1.760792606587399190e-03
5.997907711342673309e+01 2.429937054140706310e-03
6.034481668353688377e+01 3.648153809467986463e-03
6.071055625364703445e+01 5.704800817028811248e-03
6.107629582375718513e+01 8.925373521982547798e-03
6.144203539386733581e+01 1.359469861127142812e-02
6.180777496397750070e+01 1.984011278999904537e-02
6.217351453408765138e+01 2.750126533632448605e-02
6.253925410419780206e+01 3.603662696231023366e-02
6.290499367430795274e+01 4.452455927398024649e-02
6.327073324441810342e+01 5.179585961653709186e-02
6.363647281452825410e+01 5.668554942525128038e-02
6.400221238463841189e+01 5.833375065798634962e-02
6.436795195474856257e+01 5.642981694524608349e-02
6.473369152485871325e+01 5.130474790578768568e-02
6.509943109496886393e+01 4.383432271568781652e-02
6.546517066507901461e+01 3.519201427826269823e-02
6.583091023518916529e+01 2.654748511016133752e-02
6.619664980529933018e+01 1.881635991878023717e-02
6.656238937540948086e+01 1.253051960496696232e-02
6.692812894551963154e+01 7.839985945657492253e-03
6.729386851562978222e+01 4.608588553874064936e-03
6.765960808573993290e+01 2.545202363198718811e-03
6.802534765585009779e+01 1.320610755257458410e-03
6.839108722596024847e+01 6.437580846650388941e-04
