-2.981865484754162576e+00 3.504030029997104619e-03
-2.630288947218944795e+00 9.512058076842053872e-03
-2.278712409683727014e+00 2.278538012214979119e-02
-1.927135872148509232e+00 4.816355294897890077e-02
-1.575559334613291451e+00 8.983990925749389678e-02
-1.223982797078073670e+00 1.478839969316094738e-01
-8.724062595428558886e-01 2.148295938750975353e-01
-5.208297220076381073e-01 2.754361874930796872e-01
-1.692531844724203260e-01 3.117155140298064064e-01
1.823233530627974552e-01 3.114643996938802339e-01
5.338998905980152365e-01 2.748940977114356921e-01
8.854764281332330178e-01 2.144976587253209499e-01
1.237052965668450799e+00 1.482607877856087775e-01
1.588629503203668580e+00 9.118377902392973966e-02
1.940206040738886362e+00 5.044283514508365873e-02
2.291782578274104143e+00 2.578590223516892196e-02
2.643359115809321924e+00 1.298264648380788484e-02
2.994935653344539706e+00 7.248463170082457795e-03
3.346512190879757487e+00 5.037295989149182494e-03
3.698088728414975268e+00 4.315456338118041010e-03
4.049665265950192605e+00 4.128103269621566547e-03
4.401241803485410387e+00 4.098128292886908663e-03
4.752818341020628168e+00 4.098688904178254475e-03
5.104394878555845949e+00 4.093892266191874983e-03
5.455971416091063730e+00 4.076101983034856151e-03
5.807547953626281512e+00 4.045144248102772351e-03
6.159124491161499293e+00 4.002519528497870856e-03
6.510701028696717074e+00 3.950313914358641321e-03
6.862277566231934856e+00 3.891335978189529917e-03
7.213854103767152637e+00 3.829315717612959309e-03
7.565430641302370418e+00 3.768768478115257919e-03
7.917007178837588199e+00 3.714441330469324832e-03
8.268583716372805981e+00 3.670465584427784738e-03
8.620160253908023762e+00 3.639480896775515884e-03
8.971736791443241543e+00 3.622028835774080378e-03
9.323313328978459325e+00 3.616452416936563000e-03
9.674889866513677106e+00 3.619399846386125823e-03
1.002646640404889489e+01 3.626792220054725954e-03
1.037804294158411267e+01 3.634850623231349574e-03
1.072961947911933045e+01 3.640717376688873148e-03
1.108119601665454823e+01 3.642490018393828959e-03
1.143277255418976601e+01 3.638902453242991164e-03
1.178434909172498379e+01 3.629052612625947600e-03
1.213592562926020157e+01 3.612375174254708020e-03
1.248750216679541936e+01 3.588741405274340022e-03
1.283907870433063714e+01 3.558465070930658721e-03
1.319065524186585492e+01 3.522183340666223440e-03
1.354223177940107448e+01 3.480807234114964219e-03
1.389380831693629048e+01 3.435694571340302313e-03
1.424538485447150649e+01 3.388899485879523586e-03
1.459696139200672604e+01 3.343121014338615478e-03
1.494853792954194560e+01 3.301126286946262905e-03
1.530011446707716161e+01 3.264899501999624087e-03
1.565169100461237761e+01 3.235097051234465601e-03
1.600326754214759717e+01 3.211192303955317812e-03
1.635484407968281673e+01 3.192139043735705249e-03
1.670642061721803273e+01 3.177005978552526876e-03
1.705799715475324874e+01 3.165159129564104525e-03
1.740957369228846829e+01 3.156002388152372422e-03
1.776115022982368785e+01 3.148607090007023417e-03
1.811272676735890386e+01 3.141576962426742992e-03
1.846430330489411986e+01 3.133305624421182586e-03
1.881587984242933942e+01 3.122541617352482448e-03
1.916745637996455898e+01 3.108963510508862792e-03
1.951903291749977498e+01 3.093373871945711336e-03
1.987060945503499099e+01 3.077281564828176271e-03
2.022218599257021054e+01 3.062051262916087868e-03
2.057376253010543010e+01 3.048145816588407071e-03
2.092533906764064611e+01 3.034927841560159430e-03
2.127691560517586211e+01 3.021066966032256995e-03
2.162849214271108167e+01 3.005214523294990215e-03
2.198006868024630123e+01 2.986568982501613696e-03
2.233164521778151723e+01 2.965186215371082810e-03
2.268322175531673324e+01 2.942075243060887982e-03
2.303479829285195279e+01 2.919092469345905324e-03
2.338637483038717235e+01 2.898520854644286247e-03
2.373795136792238836e+01 2.882242353320610320e-03
2.408952790545760436e+01 2.870712479606287067e-03
2.444110444299282392e+01 2.862315364095899088e-03
2.479268098052804348e+01 2.853668466907777809e-03
2.514425751806325948e+01 2.840885925092642705e-03
2.549583405559847549e+01 2.821124498319110743e-03
2.584741059313369504e+01 2.793564228471658376e-03
2.619898713066891460e+01 2.759452826753309822e-03
2.655056366820413061e+01 2.721459127118683059e-03
2.690214020573934661e+01 2.682812729038879743e-03
2.725371674327456617e+01 2.646539913213533275e-03
2.760529328080978573e+01 2.614862562846577854e-03
2.795686981834500173e+01 2.588755663054825330e-03
2.830844635588021774e+01 2.567757362092979237e-03
2.866002289341543730e+01 2.550194933579053892e-03
2.901159943095065685e+01 2.533855116370167197e-03
2.936317596848587286e+01 2.516849672976839009e-03
2.971475250602108886e+01 2.498266499811418670e-03
3.006632904355631197e+01 2.478326882914477520e-03
3.041790558109152798e+01 2.458068876705347960e-03
3.076948211862674398e+01 2.438789126086909811e-03
3.112105865616195999e+01 2.421507190518543042e-03
3.147263519369717599e+01 2.406640265740112462e-03
3.182421173123239910e+01 2.393960175270235056e-03
3.217578826876761866e+01 2.382780291689970062e-03
3.252736480630283467e+01 2.372235290304922778e-03
3.287894134383805778e+01 2.361524565596405910e-03
3.323051788137327378e+01 2.350079604144148047e-03
3.358209441890848979e+01 2.337691709655056755e-03
3.393367095644370579e+01 2.324621252641228056e-03
3.428524749397892180e+01 2.311627886619879203e-03
3.463682403151414491e+01 2.299811842196189653e-03
3.498840056904936091e+01 2.290228542043297889e-03
3.533997710658457692e+01 2.283405106308944357e-03
3.569155364411980003e+01 2.278993246026837349e-03
3.604313018165501603e+01 2.275729310557568583e-03
3.639470671919023204e+01 2.271703040974045254e-03
3.674628325672544804e+01 2.264806875634723868e-03
3.709785979426066405e+01 2.253213572313460082e-03
3.744943633179588716e+01 2.235766241131163790e-03
3.780101286933110316e+01 2.212206070582391475e-03
3.815258940686631917e+01 2.183202657126481240e-03
3.850416594440154228e+01 2.150187992967789175e-03
3.885574248193675828e+01 2.115028650570724596e-03
3.920731901947197429e+01 2.079619624926475150e-03
3.955889555700719029e+01 2.045525228411635386e-03
3.991047209454240630e+01 2.013776060840698906e-03
4.026204863207762941e+01 1.984859645655264772e-03
4.061362516961284541e+01 1.958863144804644761e-03
4.096520170714806142e+01 1.935671742679928543e-03
4.131677824468328453e+01 1.915107732892580485e-03
4.166835478221850053e+01 1.896931164556887785e-03
4.201993131975371654e+01 1.880730222466505449e-03
4.237150785728893254e+01 1.865854591868138391e-03
4.272308439482414855e+01 1.851554200784945358e-03
4.307466093235937166e+01 1.837312054851040610e-03
4.342623746989458766e+01 1.823132707826313498e-03
4.377781400742980367e+01 1.809510547450873330e-03
4.412939054496502678e+01 1.797051925408446518e-03
4.448096708250024278e+01 1.786042797242417537e-03
4.483254362003545879e+01 1.776299680324435306e-03
4.518412015757067479e+01 1.767349864651868207e-03
4.553569669510589080e+01 1.758660553957871108e-03
4.588727323264111391e+01 1.749629257850818112e-03
4.623884977017632991e+01 1.739374438453890727e-03
4.659042630771154592e+01 1.726665699468092445e-03
4.694200284524676903e+01 1.710256899406518288e-03
4.729357938278198503e+01 1.689484551307102178e-03
4.764515592031720104e+01 1.664676906049076610e-03
4.799673245785241704e+01 1.637023799644277047e-03
4.834830899538763305e+01 1.607980799573200574e-03
4.869988553292285616e+01 1.578603479956149514e-03
4.905146207045807216e+01 1.549173601935896353e-03
4.940303860799328817e+01 1.519218054825303499e-03
4.975461514552851128e+01 1.487803763468251075e-03
5.010619168306372728e+01 1.453935965777056151e-03
5.045776822059894329e+01 1.416932582705449735e-03
5.080934475813415929e+01 1.376700793288808140e-03
5.116092129566937530e+01 1.333871829745702847e-03
5.151249783320459841e+01 1.289765787699530177e-03
5.186407437073981441e+01 1.246185467299625559e-03
5.221565090827503042e+01 1.205095398403866749e-03
5.256722744581025353e+01 1.168291793940151374e-03
5.291880398334546953e+01 1.137152752469080316e-03
5.327038052088068554e+01 1.112487712446855312e-03
5.362195705841590154e+01 1.094451834916287123e-03
5.397353359595111755e+01 1.082500834922885081e-03
5.432511013348634066e+01 1.075416465089750178e-03
5.467668667102155666e+01 1.071467614778374468e-03
5.502826320855677267e+01 1.068734459465524441e-03
5.537983974609199578e+01 1.065530203576664503e-03
5.573141628362721178e+01 1.060781311010379783e-03
5.608299282116242779e+01 1.054225478793652075e-03
5.643456935869764379e+01 1.046343855791185239e-03
5.678614589623285980e+01 1.038037006902794426e-03
5.713772243376808291e+01 1.030178276753640704e-03
5.748929897130329891e+01 1.023271377184372354e-03
5.784087550883851492e+01 1.017386478138151149e-03
5.819245204637373803e+01 1.012342068800253098e-03
5.854402858390895403e+01 1.007911366415543963e-03
5.889560512144417004e+01 1.003864196830277266e-03
5.924718165897938604e+01 9.999302535929910103e-04
5.959875819651460205e+01 9.961529142027490246e-04
5.995033473404982516e+01 9.946202458194924618e-04
6.030191127158504116e+01 1.004634083722756067e-03
6.065348780912025717e+01 1.055321507906128737e-03
6.100506434665548028e+01 1.220947573342757390e-03
6.135664088419068918e+01 1.659206555862883809e-03
6.170821742172591229e+01 2.643912109656687374e-03
6.205979395926113540e+01 4.542968626653401572e-03
6.241137049679634430e+01 7.679434937781755635e-03
6.276294703433156741e+01 1.206750299544463029e-02
6.311452357186679052e+01 1.714750210905474637e-02
6.346610010940199942e+01 2.175741589870695825e-02
6.381767664693722253e+01 2.450852016172748449e-02
6.416925318447242432e+01 2.444106804602809435e-02
6.452082972200764743e+01 2.154784018547689292e-02
6.487240625954287054e+01 1.678185263151490969e-02
6.522398279707807944e+01 1.154101219722352550e-02
6.557555933461330255e+01 7.006589925639826640e-03
6.592713587214851145e+01 3.754579932913867761e-03
6.627871240968373456e+01 1.775682837705016030e-03
6.663028894721895767e+01 7.411245304356955986e-04
6.698186548475416657e+01 2.729734301785779029e-04
