-3.401888581448205606e+00 4.316183206901568164e-04
-3.046090706257771341e+00 1.053304379210113747e-03
-2.690292831067337076e+00 2.329503260272446953e-03
-2.334494955876903255e+00 4.669089437295819746e-03
-1.978697080686468768e+00 8.481373700174224539e-03
-1.622899205496034503e+00 1.396283363708480420e-02
-1.267101330305600460e+00 2.083370082464745462e-02
-9.113034551151661944e-01 2.817495187449107347e-02
-5.555055799247319293e-01 3.453763819665315454e-02
-1.997077047342976641e-01 3.837968981984502675e-02
1.560901704561366010e-01 3.866948598216629618e-02
5.118880456465708662e-01 3.533720436690204747e-02
8.676859208370046872e-01 2.930548735785910158e-02
1.223483796027439396e+00 2.208081749884342054e-02
1.579281671217873217e+00 1.515100731478871698e-02
1.935079546408307927e+00 9.514397221551677136e-03
2.290877421598741748e+00 5.528128452377570508e-03
2.646675296789175569e+00 3.044485759025414989e-03
3.002473171979610278e+00 1.670410671871235073e-03
3.358271047170044099e+00 9.916316044767316696e-04
3.714068922360478808e+00 6.905995466750628224e-04
4.069866797550912629e+00 5.696614668000334752e-04
4.425664672741347339e+00 5.248149044901165598e-04
4.781462547931782048e+00 5.089764193236631000e-04
5.137260423122214981e+00 5.036283703488016444e-04
5.493058298312649690e+00 5.022801790127299007e-04
5.848856173503084399e+00 5.026414193741703335e-04
6.204654048693517332e+00 5.036214062920205299e-04
6.560451923883952041e+00 5.044780225743049915e-04
6.916249799074386750e+00 5.046969910400855071e-04
7.272047674264821460e+00 5.040028789146785895e-04
7.627845549455254393e+00 5.023392708616317105e-04
7.983643424645689102e+00 4.998322353406613140e-04
8.339441299836124699e+00 4.967707006029372123e-04
8.695239175026557632e+00 4.935919208374361803e-04
9.051037050216990565e+00 4.908243036345492005e-04
9.406834925407427050e+00 4.889512275711122924e-04
9.762632800597859983e+00 4.882148084141006337e-04
1.011843067578829292e+01 4.884427202614205574e-04
1.047422855097872940e+01 4.890052685801056769e-04
1.083002642616916233e+01 4.889623966760619101e-04
1.118582430135959527e+01 4.873592585127195119e-04
1.154162217655003175e+01 4.835408239075811255e-04
1.189742005174046469e+01 4.773455521989331766e-04
1.225321792693090117e+01 4.691115908356231854e-04
1.260901580212133410e+01 4.595289408492358226e-04
1.296481367731177059e+01 4.494297867333530479e-04
1.332061155250220352e+01 4.396022601014128303e-04
1.367640942769263646e+01 4.306655656344579434e-04
1.403220730288307294e+01 4.229993877293368844e-04
1.438800517807350587e+01 4.167059601969591771e-04
1.474380305326393881e+01 4.116007253584438039e-04
1.509960092845437529e+01 4.072554189027732851e-04
1.545539880364480823e+01 4.031233042242550772e-04
1.581119667883524116e+01 3.987399728677340233e-04
1.616699455402567764e+01 3.939301782755204491e-04
1.652279242921611058e+01 3.889116515454480501e-04
1.687859030440654351e+01 3.842169403870565234e-04
1.723438817959698000e+01 3.804498178821445948e-04
1.759018605478741293e+01 3.779937257496131546e-04
1.794598392997784941e+01 3.768265180116940052e-04
1.830178180516828235e+01 3.765422846063423462e-04
1.865757968035871528e+01 3.765675201680765958e-04
1.901337755554915177e+01 3.764480167167114956e-04
1.936917543073958470e+01 3.760380220324911543e-04
1.972497330593001763e+01 3.754788885607334543e-04
2.008077118112045412e+01 3.749872763185376238e-04
2.043656905631088705e+01 3.745989119977891578e-04
2.079236693150131998e+01 3.740406249016283444e-04
2.114816480669175647e+01 3.728089417933247766e-04
2.150396268188218940e+01 3.703918565182403103e-04
2.185976055707262589e+01 3.664879395463774151e-04
2.221555843226305882e+01 3.611020863125432938e-04
2.257135630745349175e+01 3.544917854659225195e-04
2.292715418264392824e+01 3.470258754978142114e-04
2.328295205783436117e+01 3.390490089843124387e-04
2.363874993302479410e+01 3.308173036238084555e-04
2.399454780821523059e+01 3.225141212625569440e-04
2.435034568340566352e+01 3.143076135835280054e-04
2.470614355859609645e+01 3.063999363389795553e-04
2.506194143378653294e+01 2.990421732136757846e-04
2.541773930897696587e+01 2.925224264187030031e-04
2.577353718416739881e+01 2.871454772184318070e-04
2.612933505935783529e+01 2.832049985439535314e-04
2.648513293454826822e+01 2.809313816508410820e-04
2.684093080973870471e+01 2.804115490487432607e-04
2.719672868492913764e+01 2.815171986964933493e-04
2.755252656011957058e+01 2.839005151321328212e-04
2.790832443531000706e+01 2.870830334191453695e-04
2.826412231050043999e+01 2.905912030093631008e-04
2.861992018569087293e+01 2.940480543830568017e-04
2.897571806088130586e+01 2.971647639265164896e-04
2.933151593607174590e+01 2.996649052465671557e-04
2.968731381126217883e+01 3.012365832620360275e-04
3.004311168645261176e+01 3.015845135149550368e-04
3.039890956164304470e+01 3.005663730903465895e-04
3.075470743683347763e+01 2.983225026249915483e-04
3.111050531202391056e+01 2.953039547403001801e-04
3.146630318721435060e+01 2.921652356445666229e-04
3.182210106240478353e+01 2.895639806035276917e-04
3.217789893759521647e+01 2.879533971929385591e-04
3.253369681278564940e+01 2.874496835734991341e-04
3.288949468797608233e+01 2.878181242592403903e-04
3.324529256316652237e+01 2.885716077022231776e-04
3.360109043835695530e+01 2.891361194280061718e-04
3.395688831354738824e+01 2.890224433378042919e-04
3.431268618873782117e+01 2.879522482150061223e-04
3.466848406392825410e+01 2.859107190424581215e-04
3.502428193911868703e+01 2.831249308664352525e-04
3.538007981430912707e+01 2.799875337006471404e-04
3.573587768949956001e+01 2.769539398053718466e-04
3.609167556468999294e+01 2.744390767821902719e-04
3.644747343988042587e+01 2.727329622922316610e-04
3.680327131507085880e+01 2.719489723506363608e-04
3.715906919026129174e+01 2.720152403223149084e-04
3.751486706545173178e+01 2.727128936569029141e-04
3.787066494064216471e+01 2.737506614221391858e-04
3.822646281583259764e+01 2.748485620642339227e-04
3.858226069102303057e+01 2.757969321954833217e-04
3.893805856621346351e+01 2.764705099642335621e-04
3.929385644140390355e+01 2.768047013000118927e-04
3.964965431659433648e+01 2.767631386944497708e-04
4.000545219178476941e+01 2.763254294580380415e-04
4.036125006697520234e+01 2.755018100732771111e-04
4.071704794216563528e+01 2.743538147449274696e-04
4.107284581735606821e+01 2.729874530686817271e-04
4.142864369254650825e+01 2.714996086005227582e-04
4.178444156773694118e+01 2.698953582524565398e-04
4.214023944292737411e+01 2.680314419292274342e-04
4.249603731811780705e+01 2.656468491291282008e-04
4.285183519330823998e+01 2.624969445011030630e-04
4.320763306849868002e+01 2.585336495572659117e-04
4.356343094368911295e+01 2.540266500755748291e-04
4.391922881887954588e+01 2.495447878384315183e-04
4.427502669406997882e+01 2.458009692966217651e-04
4.463082456926041175e+01 2.434438241198024096e-04
4.498662244445084468e+01 2.428958269053052403e-04
4.534242031964128472e+01 2.442884573106397176e-04
4.569821819483171765e+01 2.474792962292916864e-04
4.605401607002215059e+01 2.521041268355113970e-04
4.640981394521258352e+01 2.576311709131363730e-04
4.676561182040301645e+01 2.634196662023952583e-04
4.712140969559345649e+01 2.688063630130551772e-04
4.747720757078388942e+01 2.732308487041227793e-04
4.783300544597432236e+01 2.763692011226066294e-04
4.818880332116475529e+01 2.782064941387413443e-04
4.854460119635518822e+01 2.789836151889925299e-04
4.890039907154562115e+01 2.790200731133434453e-04
4.925619694673606119e+01 2.785052699561938101e-04
4.961199482192649413e+01 2.773907989580940456e-04
4.996779269711692706e+01 2.754576782327295293e-04
5.032359057230735999e+01 2.725102969249272502e-04
5.067938844749779292e+01 2.685601419363767045e-04
5.103518632268822586e+01 2.638777735251848040e-04
5.139098419787866590e+01 2.588911530258461435e-04
5.174678207306909883e+01 2.540073813300613276e-04
5.210257994825953176e+01 2.494652875700523902e-04
5.245837782344996469e+01 2.452878211326032219e-04
5.281417569864039763e+01 2.413421695164510549e-04
5.316997357383083767e+01 2.374718986622147425e-04
5.352577144902127060e+01 2.336463718784148407e-04
5.388156932421170353e+01 2.300674487268313591e-04
5.423736719940213646e+01 2.271797234664061824e-04
5.459316507459256940e+01 2.255597272370476677e-04
5.494896294978300233e+01 2.257154261876347470e-04
5.530476082497344237e+01 2.278846959846086246e-04
5.566055870016387530e+01 2.319356469200342869e-04
5.601635657535430823e+01 2.374200250704228837e-04
5.637215445054474117e+01 2.437434101674233419e-04
5.672795232573517410e+01 2.503558030364123345e-04
5.708375020092561414e+01 2.568748832177937492e-04
5.743954807611604707e+01 2.631188256782516924e-04
5.779534595130648000e+01 2.691058945985705755e-04
5.815114382649691294e+01 2.751797606159094110e-04
5.850694170168734587e+01 2.826986691367557253e-04
5.886273957687777880e+01 2.966616732649510440e-04
5.921853745206821884e+01 3.342902149962599439e-04
5.957433532725865177e+01 4.495912326866714163e-04
5.993013320244908471e+01 7.942607716953516920e-04
6.028593107763951764e+01 1.745919171453837963e-03
6.064172895282995057e+01 4.129486920742067579e-03
6.099752682802038350e+01 9.506061758265774500e-03
6.135332470321081644e+01 2.038115270425822079e-02
6.170912257840124937e+01 4.002464552380300550e-02
6.206492045359169651e+01 7.154340552034470224e-02
6.242071832878212945e+01 1.161146539067022393e-01
6.277651620397256238e+01 1.709374068726843554e-01
6.313231407916299531e+01 2.281523716531624613e-01
6.348811195435342825e+01 2.760321160680849206e-01
6.384390982954386118e+01 3.026885143046573745e-01
6.419970770473429411e+01 3.008225776522665540e-01
6.455550557992472704e+01 2.709506064609328857e-01
6.491130345511515998e+01 2.211706890438420725e-01
6.526710133030559291e+01 1.636131700292804969e-01
6.562289920549602584e+01 1.096880643772967651e-01
6.597869708068647299e+01 6.664216269962310035e-02
6.633449495587690592e+01 3.669324886769816801e-02
6.669029283106733885e+01 1.830921762118618498e-02
6.704609070625777179e+01 8.279409374764788374e-03
6.740188858144820472e+01 3.392926557493777372e-03
